# Matter power spectrum P(k) at redshift z=99
# for k=1.03944e-05 to 328.77 h/Mpc,
# number of wavenumbers equal to 605
#    1:k (h/Mpc)              2:P (Mpc/h)^3        
       1.039441571510e-05       4.240018626608e-03 
       1.088428943559e-05       4.436369948023e-03 
       1.139725019325e-05       4.641814053467e-03 
       1.193438604663e-05       4.856772028461e-03 
       1.249683633289e-05       5.081683998121e-03 
       1.308579408449e-05       5.317011813662e-03 
       1.370250855978e-05       5.563237376985e-03 
       1.434828789286e-05       5.820865419256e-03 
       1.502450186827e-05       6.090423886018e-03 
       1.573258482650e-05       6.372466306430e-03 
       1.647403870647e-05       6.667568552813e-03 
       1.725043623124e-05       6.976336714510e-03 
       1.806342424406e-05       7.299403542676e-03 
       1.891472720151e-05       7.637431140479e-03 
       1.980615083129e-05       7.991112305774e-03 
       2.073958596245e-05       8.361172208559e-03 
       2.171701253604e-05       8.748368442396e-03 
       2.274050380486e-05       9.153495637016e-03 
       2.381223073113e-05       9.577383659431e-03 
       2.493446659134e-05       1.002090096803e-02 
       2.610959179822e-05       1.048495684515e-02 
       2.734009894987e-05       1.097050156972e-02 
       2.862859811694e-05       1.147853151646e-02 
       2.997782237893e-05       1.201008726902e-02 
       3.139063362138e-05       1.256625820801e-02 
       3.287002860635e-05       1.314818413339e-02 
       3.441914532896e-05       1.375705762305e-02 
       3.604126967346e-05       1.439412645581e-02 
       3.773984238309e-05       1.506069617135e-02 
       3.951846635827e-05       1.575813281255e-02 
       4.138091429893e-05       1.648786566406e-02 
       4.333113670686e-05       1.725138990006e-02 
       4.537327026525e-05       1.805027013900e-02 
       4.751164661317e-05       1.888614387636e-02 
       4.975080153356e-05       1.976072219759e-02 
       5.209548457420e-05       2.067579956760e-02 
       5.455066912219e-05       2.163324958521e-02 
       5.712156295313e-05       2.263503350889e-02 
       5.981361927751e-05       2.368320561011e-02 
       6.263254830773e-05       2.477991105281e-02 
       6.558432937020e-05       2.592739882738e-02 
       6.867522358831e-05       2.712801764951e-02 
       7.191178716309e-05       2.838422885270e-02 
       7.530088527984e-05       2.969860422465e-02 
       7.884970667002e-05       3.107383613447e-02 
       8.256577885962e-05       3.251274174712e-02 
       8.645698413597e-05       3.401826827985e-02 
       9.053157626715e-05       3.559349796038e-02 
       9.479819800938e-05       3.724165666661e-02 
       9.926589943941e-05       3.896611860881e-02 
       1.039441571510e-04       4.077041491961e-02 
       1.088428943559e-04       4.265823858282e-02 
       1.139725019325e-04       4.463345349867e-02 
       1.193438604663e-04       4.670010229632e-02 
       1.249683633289e-04       4.886241355060e-02 
       1.308579408449e-04       5.112481105515e-02 
       1.370250855978e-04       5.349192294482e-02 
       1.434828789286e-04       5.596858994206e-02 
       1.502450186827e-04       5.855987627347e-02 
       1.573258482650e-04       6.127107895564e-02 
       1.647403870647e-04       6.410773877024e-02 
       1.725043623124e-04       6.707565191648e-02 
       1.806342424406e-04       7.018088012051e-02 
       1.891472720151e-04       7.342976383090e-02 
       1.980615083129e-04       7.682893395954e-02 
       2.073958596245e-04       8.038532568263e-02 
       2.171701253604e-04       8.410619227189e-02 
       2.274050380486e-04       8.799911746258e-02 
       2.381223073113e-04       9.207203275586e-02 
       2.493446659134e-04       9.633323059283e-02 
       2.610959179822e-04       1.007913818665e-01 
       2.734009894987e-04       1.054555519122e-01 
       2.862859811694e-04       1.103352165618e-01 
       2.997782237893e-04       1.154402818661e-01 
       3.139063362138e-04       1.207811023757e-01 
       3.287002860635e-04       1.263684993537e-01 
       3.441914532896e-04       1.322137801356e-01 
       3.604126967346e-04       1.383287612071e-01 
       3.773984238309e-04       1.447257856455e-01 
       3.951846635827e-04       1.514177482762e-01 
       4.138091429893e-04       1.584181160687e-01 
       4.333113670686e-04       1.657409515841e-01 
       4.537327026525e-04       1.734009363401e-01 
       4.751164661317e-04       1.814133948094e-01 
       4.975080153356e-04       1.897943201393e-01 
       5.209548457420e-04       1.985603947171e-01 
       5.455066912219e-04       2.077290217696e-01 
       5.712156295313e-04       2.173183445017e-01 
       5.981361927751e-04       2.273472721940e-01 
       6.263254830773e-04       2.378355116331e-01 
       6.558432937020e-04       2.488035802688e-01 
       6.867522358831e-04       2.602728424065e-01 
       7.191178716309e-04       2.722655201954e-01 
       7.530088527984e-04       2.848047277953e-01 
       7.884970667002e-04       2.979144839940e-01 
       8.256577885962e-04       3.116197290914e-01 
       8.645698413597e-04       3.259463473136e-01 
       9.053157626715e-04       3.409211785173e-01 
       9.479819800938e-04       3.565720208291e-01 
       9.926589943941e-04       3.729276417023e-01 
       1.039441571510e-03       3.900177779171e-01 
       1.088428943559e-03       4.078731233407e-01 
       1.139725019325e-03       4.265253206583e-01 
       1.193438604663e-03       4.460069330107e-01 
       1.249683633289e-03       4.663514159175e-01 
       1.308579408449e-03       4.875930706157e-01 
       1.370250855978e-03       5.097650827165e-01 
       1.434828789286e-03       5.329039463098e-01 
       1.502450186827e-03       5.570469844539e-01 
       1.573258482650e-03       5.822310972381e-01 
       1.647403870647e-03       6.084935535218e-01 
       1.725043623124e-03       6.358718421576e-01 
       1.806342424406e-03       6.644034784022e-01 
       1.891472720151e-03       6.941257933564e-01 
       1.980615083129e-03       7.250756556098e-01 
       2.073958596245e-03       7.572892213145e-01 
       2.171701253604e-03       7.908015401111e-01 
       2.274050380486e-03       8.256462511141e-01 
       2.381223073113e-03       8.618550706384e-01 
       2.493446659134e-03       8.994573465185e-01 
       2.610959179822e-03       9.384795638701e-01 
       2.734009894987e-03       9.789446211302e-01 
       2.862859811694e-03       1.020871303184e+00 
       2.997782237893e-03       1.064273591703e+00 
       3.139063362138e-03       1.109159585927e+00 
       3.287002860635e-03       1.155531111366e+00 
       3.441914532896e-03       1.203382619241e+00 
       3.604126967345e-03       1.252700010683e+00 
       3.773984238305e-03       1.303460357944e+00 
       3.951846635814e-03       1.355630154432e+00 
       4.138091429848e-03       1.409164980505e+00 
       4.333113670534e-03       1.464008308090e+00 
       4.537327026042e-03       1.520090594156e+00 
       4.751164659838e-03       1.577328452390e+00 
       4.975080148993e-03       1.635624537021e+00 
       5.209548445017e-03       1.694865991087e+00 
       5.455066878190e-03       1.754924760975e+00 
       5.712156205140e-03       1.815657401047e+00 
       5.981361696754e-03       1.876908305690e+00 
       6.263254258196e-03       1.938501703817e+00 
       6.558431562524e-03       2.000250862975e+00 
       6.867519160582e-03       2.061956055496e+00 
       7.191171496729e-03       2.123403879837e+00 
       7.530072704257e-03       2.184368925145e+00 
       7.884936964503e-03       2.244616196100e+00 
       8.256508074902e-03       2.303897310298e+00 
       8.645557666719e-03       2.361960036174e+00 
       9.052881226195e-03       2.418533818887e+00 
       9.479290692733e-03       2.473344053213e+00 
       9.925601939390e-03       2.526094727644e+00 
       1.039261492092e-02       2.576478437685e+00 
       1.088108379590e-02       2.624172996336e+00 
       1.139167407410e-02       2.668826257099e+00 
       1.192490411388e-02       2.710083280903e+00 
       1.248106954268e-02       2.747561969901e+00 
       1.306015192574e-02       2.780879784943e+00 
       1.366171767776e-02       2.809669914364e+00 
       1.428481967396e-02       2.833589108011e+00 
       1.492792100706e-02       2.852352274582e+00 
       1.558886502105e-02       2.865766322668e+00 
       1.626491417422e-02       2.873742772357e+00 
       1.695286934301e-02       2.876322822690e+00 
       1.764926168430e-02       2.873675518845e+00 
       1.835058760363e-02       2.866090251792e+00 
       1.905354355797e-02       2.853946245372e+00 
       1.975521843946e-02       2.837683769064e+00 
       2.045321634933e-02       2.817774842319e+00 
       2.114570368999e-02       2.794703276696e+00 
       2.183139227336e-02       2.768915359745e+00 
       2.250947928866e-02       2.740847576590e+00 
       2.317956563857e-02       2.710874819911e+00 
       2.384156963309e-02       2.679348246639e+00 
       2.449564690182e-02       2.646563009223e+00 
       2.514212195473e-02       2.612781143655e+00 
       2.578143298704e-02       2.578230396490e+00 
       2.641408926964e-02       2.543104557520e+00 
       2.704063940089e-02       2.507577376172e+00 
       2.766164838054e-02       2.471784247621e+00 
       2.827768155684e-02       2.435867576615e+00 
       2.888929376710e-02       2.399920529264e+00 
       2.949702230981e-02       2.364051706303e+00 
       3.010138268639e-02       2.328334690519e+00 
       3.070286630818e-02       2.292832661461e+00 
       3.130193957039e-02       2.257641570191e+00 
       3.189904385593e-02       2.222814726615e+00 
       3.249459615342e-02       2.188374278266e+00 
       3.308899006411e-02       2.154392551094e+00 
       3.368259703912e-02       2.120903144261e+00 
       3.427576773646e-02       2.087940926178e+00 
       3.486883342232e-02       2.055552103071e+00 
       3.546210736590e-02       2.023747962944e+00 
       3.605588619481e-02       1.992569467885e+00 
       3.665045119063e-02       1.962027930713e+00 
       3.724606951266e-02       1.932159847185e+00 
       3.784299534431e-02       1.902968150249e+00 
       3.844147096019e-02       1.874468517803e+00 
       3.904172771505e-02       1.846686293099e+00 
       3.964398695723e-02       1.819626033692e+00 
       4.024846087044e-02       1.793292135108e+00 
       4.085535324819e-02       1.767700576196e+00 
       4.146486020563e-02       1.742851433597e+00 
       4.207717083329e-02       1.718739154752e+00 
       4.269246779746e-02       1.695368245196e+00 
       4.331092789152e-02       1.672750414657e+00 
       4.393272254233e-02       1.650857192213e+00 
       4.455801827569e-02       1.629706051845e+00 
       4.518697714421e-02       1.609276045973e+00 
       4.581975712116e-02       1.589553672019e+00 
       4.645651246315e-02       1.570536762139e+00 
       4.709739404439e-02       1.552204810870e+00 
       4.774254966524e-02       1.534556949485e+00 
       4.839212433710e-02       1.517548009436e+00 
       4.904626054591e-02       1.501174924604e+00 
       4.970509849602e-02       1.485410196124e+00 
       5.036877633628e-02       1.470249779762e+00 
       5.103743036975e-02       1.455636137240e+00 
       5.171119524854e-02       1.441548944359e+00 
       5.239020415505e-02       1.427961447519e+00 
       5.307458897075e-02       1.414846836286e+00 
       5.376448043353e-02       1.402166851992e+00 
       5.446000828457e-02       1.389886758816e+00 
       5.516130140571e-02       1.377965168404e+00 
       5.586848794792e-02       1.366370542249e+00 
       5.658169545170e-02       1.355059501905e+00 
       5.730105096009e-02       1.343989203138e+00 
       5.802668112475e-02       1.333121184243e+00 
       5.875871230577e-02       1.322409584779e+00 
       5.949727066567e-02       1.311809689527e+00 
       6.024248225797e-02       1.301280931605e+00 
       6.099447311085e-02       1.290771929811e+00 
       6.175336930616e-02       1.280246466553e+00 
       6.251929705421e-02       1.269650901400e+00 
       6.329238276460e-02       1.258950405645e+00 
       6.407275311340e-02       1.248095549248e+00 
       6.486053510691e-02       1.237044982149e+00 
       6.565585614227e-02       1.225767080004e+00 
       6.645884406518e-02       1.214217783170e+00 
       6.726962722477e-02       1.202363671628e+00 
       6.808833452604e-02       1.190174386339e+00 
       6.891509547984e-02       1.177620536226e+00 
       6.975004025066e-02       1.164677025231e+00 
       7.059329970233e-02       1.151324970831e+00 
       7.144500544176e-02       1.137548824535e+00 
       7.230528986090e-02       1.123336834642e+00 
       7.317428617696e-02       1.108683841943e+00 
       7.405212847100e-02       1.093588082883e+00 
       7.493895172510e-02       1.078055740202e+00 
       7.583489185804e-02       1.062096930026e+00 
       7.674008575965e-02       1.045728829932e+00 
       7.765467132399e-02       1.028973344670e+00 
       7.857878748124e-02       1.011859289702e+00 
       7.951257422856e-02       9.944181116211e-01 
       8.045617265987e-02       9.766881754366e-01 
       8.140972499466e-02       9.587164055614e-01 
       8.237337460583e-02       9.405485371169e-01 
       8.334726604670e-02       9.222380458572e-01 
       8.433154507717e-02       9.038402960044e-01 
       8.532635868907e-02       8.854114839443e-01 
       8.633185513081e-02       8.670182570208e-01 
       8.734818393131e-02       8.487174747023e-01 
       8.837549592326e-02       8.305762189043e-01 
       8.941394326581e-02       8.126531988432e-01 
       9.046367946662e-02       7.950160996511e-01 
       9.152485940339e-02       7.777213239905e-01 
       9.259763934485e-02       7.608302773750e-01 
       9.368217697132e-02       7.443919917511e-01 
       9.477863139475e-02       7.284654701138e-01 
       9.588716317841e-02       7.130910756423e-01 
       9.700793435611e-02       6.983111682969e-01 
       9.814110845115e-02       6.841614497150e-01 
       9.928685049485e-02       6.706704696915e-01 
       1.004453270449e-01       6.578529000451e-01 
       1.016167062032e-01       6.457327114887e-01 
       1.028011576338e-01       6.343081809446e-01 
       1.039988525803e-01       6.235811972270e-01 
       1.052099638834e-01       6.135397952463e-01 
       1.064346659978e-01       6.041685888453e-01 
       1.076731350094e-01       5.954413278556e-01 
       1.089255486525e-01       5.873215704050e-01 
       1.101920863262e-01       5.797688823467e-01 
       1.114729291118e-01       5.727348759577e-01 
       1.127682597891e-01       5.661633591837e-01 
       1.140782628537e-01       5.599909477045e-01 
       1.154031245340e-01       5.541462894367e-01 
       1.167430328075e-01       5.485646795846e-01 
       1.180981774189e-01       5.431627254476e-01 
       1.194687498966e-01       5.378606315118e-01 
       1.208549435706e-01       5.325845281554e-01 
       1.222569535902e-01       5.272491686167e-01 
       1.236749769417e-01       5.217796684872e-01 
       1.251092124670e-01       5.161047081197e-01 
       1.265598608818e-01       5.101575433075e-01 
       1.280271247951e-01       5.038783908128e-01 
       1.295112087282e-01       4.972184662957e-01 
       1.310123191347e-01       4.901489668936e-01 
       1.325306644210e-01       4.826356995343e-01 
       1.340664549670e-01       4.746721251673e-01 
       1.356199031477e-01       4.662696776983e-01 
       1.371912233555e-01       4.574401527612e-01 
       1.387806320229e-01       4.482221026171e-01 
       1.403883476462e-01       4.386580903541e-01 
       1.420145908098e-01       4.288133593111e-01 
       1.436595842114e-01       4.187564599972e-01 
       1.453235526881e-01       4.085683615186e-01 
       1.470067232437e-01       3.983322234772e-01 
       1.487093250766e-01       3.881355927488e-01 
       1.504315896089e-01       3.780731684138e-01 
       1.521737505165e-01       3.682282819776e-01 
       1.539360437612e-01       3.586836462958e-01 
       1.557187076226e-01       3.495156924157e-01 
       1.575219827324e-01       3.407904019242e-01 
       1.593461121101e-01       3.325607901795e-01 
       1.611913411993e-01       3.248615919891e-01 
       1.630579179063e-01       3.177206981403e-01 
       1.649460926397e-01       3.111477355834e-01 
       1.668561183526e-01       3.051419205258e-01 
       1.687882505850e-01       2.996721243028e-01 
       1.707427475096e-01       2.947046859150e-01 
       1.727198699783e-01       2.901921461157e-01 
       1.747198815714e-01       2.860629992187e-01 
       1.767430486482e-01       2.822483442689e-01 
       1.787896404004e-01       2.786670986923e-01 
       1.808599289070e-01       2.752306992829e-01 
       1.829541891925e-01       2.718858007824e-01 
       1.850726992858e-01       2.685220585635e-01 
       1.872157402839e-01       2.650406212338e-01 
       1.893835964156e-01       2.613741441893e-01 
       1.915765551102e-01       2.574562855780e-01 
       1.937949070674e-01       2.532410781128e-01 
       1.960389463306e-01       2.487091913793e-01 
       1.983089703634e-01       2.438578905004e-01 
       2.006052801287e-01       2.387042226788e-01 
       2.029281801717e-01       2.332983370989e-01 
       2.052779787053e-01       2.276939112107e-01 
       2.076549876996e-01       2.219643965630e-01 
       2.100595229749e-01       2.161857720827e-01 
       2.124919042982e-01       2.104468656001e-01 
       2.149524554836e-01       2.048204722949e-01 
       2.174415044964e-01       1.993718208035e-01 
       2.199593835622e-01       1.941736980717e-01 
       2.225064292787e-01       1.892699489420e-01 
       2.250829827337e-01       1.846934866550e-01 
       2.276893896260e-01       1.804676254461e-01 
       2.303260003924e-01       1.766031655214e-01 
       2.329931703385e-01       1.730770997799e-01 
       2.356912597752e-01       1.698712092981e-01 
       2.384206341604e-01       1.669338531067e-01 
       2.411816642459e-01       1.642043400148e-01 
       2.439747262300e-01       1.616170575302e-01 
       2.468002019165e-01       1.590963103774e-01 
       2.496584788785e-01       1.565728751364e-01 
       2.525499506303e-01       1.539907176447e-01 
       2.554750168040e-01       1.512971670022e-01 
       2.584340833344e-01       1.484610087524e-01 
       2.614275626498e-01       1.454740959971e-01 
       2.644558738710e-01       1.423323763637e-01 
       2.675194430176e-01       1.390530373735e-01 
       2.706187032217e-01       1.356784976437e-01 
       2.737540949511e-01       1.322501757460e-01 
       2.769260662395e-01       1.288228977089e-01 
       2.801350729270e-01       1.254632861181e-01 
       2.833815789091e-01       1.222210768783e-01 
       2.866660563954e-01       1.191438139000e-01 
       2.899889861791e-01       1.162585053906e-01 
       2.933508579160e-01       1.135796716541e-01 
       2.967521704153e-01       1.111023347126e-01 
       3.001934319413e-01       1.088017890027e-01 
       3.036751605276e-01       1.066510695427e-01 
       3.071978843033e-01       1.046124802414e-01 
       3.107621418325e-01       1.026434972433e-01 
       3.143684824675e-01       1.007033280904e-01 
       3.180174667161e-01       9.875208207298e-02 
       3.217096666243e-01       9.675692770926e-02 
       3.254456661739e-01       9.470071322550e-02 
       3.292260616973e-01       9.258107248771e-02 
       3.330514623091e-01       9.040959335710e-02 
       3.369224903559e-01       8.821198305731e-02 
       3.408397818850e-01       8.601755209660e-02 
       3.448039871328e-01       8.385542571370e-02 
       3.488157710346e-01       8.175446351681e-02 
       3.528758137560e-01       7.973902269568e-02 
       3.569848112472e-01       7.782534328848e-02 
       3.611434758224e-01       7.602164340654e-02 
       3.653525367639e-01       7.432393605741e-02 
       3.696127409538e-01       7.271306316317e-02 
       3.739248535338e-01       7.116435988027e-02 
       3.782896585951e-01       6.965180840526e-02 
       3.827079599000e-01       6.815259378962e-02 
       3.871805816365e-01       6.665172549301e-02 
       3.917083692089e-01       6.514098215716e-02 
       3.962921900649e-01       6.361624405544e-02 
       4.009329345627e-01       6.208279256931e-02 
       4.056315168792e-01       6.055462414053e-02 
       4.103888759632e-01       5.904944930715e-02 
       4.152059765344e-01       5.758533404698e-02 
       4.200838101329e-01       5.617435035674e-02 
       4.250233962207e-01       5.482004836668e-02 
       4.300257833389e-01       5.352077419748e-02 
       4.350920503249e-01       5.227310901995e-02 
       4.402233075914e-01       5.106762258089e-02 
       4.454206984736e-01       4.989097318807e-02 
       4.506854006466e-01       4.873046309924e-02 
       4.560186276189e-01       4.757647488752e-02 
       4.614216303071e-01       4.642736692174e-02 
       4.668956986955e-01       4.528761740684e-02 
       4.724421635890e-01       4.416250498127e-02 
       4.780623984623e-01       4.305683714254e-02 
       4.837578214154e-01       4.197771390846e-02 
       4.895298972391e-01       4.093365766281e-02 
       4.953801396020e-01       3.992509487157e-02 
       5.013101133638e-01       3.894747141611e-02 
       5.073214370266e-01       3.799660017433e-02 
       5.134157853330e-01       3.706422997722e-02 
       5.195948920219e-01       3.615028089575e-02 
       5.258605527531e-01       3.524858639514e-02 
       5.322146282141e-01       3.435802258336e-02 
       5.386590474225e-01       3.348186148694e-02 
       5.451958112383e-01       3.262432827156e-02 
       5.518269961031e-01       3.178701923173e-02 
       5.585547580240e-01       3.097090191836e-02 
       5.653813368197e-01       3.017741721016e-02 
       5.723090606529e-01       2.940518592053e-02 
       5.793403508692e-01       2.864968294212e-02 
       5.864777271687e-01       2.790846669297e-02 
       5.937238131390e-01       2.718146646647e-02 
       6.010813421777e-01       2.646836985440e-02 
       6.085531638393e-01       2.576883794113e-02 
       6.161422506428e-01       2.508248415620e-02 
       6.238517053790e-01       2.441486113345e-02 
       6.316847689635e-01       2.376251931388e-02 
       6.396448288827e-01       2.312509013359e-02 
       6.477354282875e-01       2.250262986929e-02 
       6.559602757945e-01       2.189350330368e-02 
       6.643232560598e-01       2.129548503184e-02 
       6.728284411997e-01       2.071097801020e-02 
       6.814801031383e-01       2.013842296572e-02 
       6.902827269736e-01       1.957814592976e-02 
       6.992410254616e-01       1.903160200570e-02 
       7.083599547303e-01       1.849698661352e-02 
       7.176447313498e-01       1.797407830278e-02 
       7.271008508973e-01       1.746288943123e-02 
       7.367341081734e-01       1.696140613048e-02 
       7.465506192458e-01       1.647197098140e-02 
       7.565568455175e-01       1.599302719321e-02 
       7.667596200406e-01       1.552333239381e-02 
       7.771661763261e-01       1.506596457752e-02 
       7.877841799308e-01       1.461835036504e-02 
       7.986217631414e-01       1.417877954100e-02 
       8.096875631153e-01       1.374960710995e-02 
       8.209907638875e-01       1.332954183696e-02 
       8.325411427102e-01       1.291885194225e-02 
       8.443491212515e-01       1.251702009673e-02 
       8.564258222607e-01       1.212403514558e-02 
       8.687831323856e-01       1.173939203986e-02 
       8.814337719335e-01       1.136331424795e-02 
       8.943913724798e-01       1.099492230387e-02 
       9.076705633606e-01       1.063490927210e-02 
       9.212870682466e-01       1.028242662674e-02 
       9.352578131720e-01       9.937505464304e-03 
       9.496010476076e-01       9.600221089776e-03 
       9.643364804132e-01       9.269794858535e-03 
       9.794854327925e-01       8.947545012315e-03 
       9.950710107137e-01       8.630200050587e-03 
       1.011118299649e+00       8.320903610906e-03 
       1.027654584949e+00       8.017762757669e-03 
       1.044709601705e+00       7.720886356555e-03 
       1.062315818564e+00       7.430871125776e-03 
       1.080508760706e+00       7.146362730172e-03 
       1.099327377988e+00       6.867904542295e-03 
       1.118814465254e+00       6.595238426503e-03 
       1.139017142838e+00       6.328211151223e-03 
       1.159987406523e+00       6.066996865739e-03 
       1.181782757508e+00       5.811021508557e-03 
       1.204466924296e+00       5.560128015891e-03 
       1.228110689814e+00       5.314578033908e-03 
       1.252792838276e+00       5.074272610118e-03 
       1.278601237189e+00       4.838579774890e-03 
       1.305634070045e+00       4.607846040785e-03 
       1.334001234132e+00       4.381837405455e-03 
       1.363825914699e+00       4.160678365087e-03 
       1.395246340115e+00       3.943887364150e-03 
       1.428417711027e+00       3.731970166063e-03 
       1.463514277278e+00       3.524504698302e-03 
       1.500731506377e+00       3.321434362352e-03 
       1.540288242703e+00       3.123012068832e-03 
       1.582428693406e+00       2.929749987990e-03 
       1.627423992086e+00       2.741010098834e-03 
       1.675572985692e+00       2.557355637048e-03 
       1.727201772779e+00       2.378683263758e-03 
       1.782661416417e+00       2.205662576669e-03 
       1.842323209855e+00       2.038325261503e-03 
       1.906570961143e+00       1.877349161800e-03 
       1.975790075473e+00       1.723054875953e-03 
       2.050353823144e+00       1.575694238698e-03 
       2.130608069751e+00       1.436024767638e-03 
       2.216856723667e+00       1.304141939788e-03 
       2.309350833013e+00       1.180925823134e-03 
       2.408284166381e+00       1.066168379903e-03 
       2.513796969118e+00       9.601789851600e-04 
       2.625987629569e+00       8.628271550403e-04 
       2.744929960642e+00       7.739196884955e-04 
       2.870692567079e+00       6.930056270028e-04 
       3.003356777944e+00       6.200031344194e-04 
       3.143030673842e+00       5.540122086300e-04 
       3.289858202671e+00       4.948695462748e-04 
       3.444023643325e+00       4.415488617562e-04 
       3.605752430110e+00       3.938979688871e-04 
       3.775309589662e+00       3.512324718363e-04 
       3.952996932004e+00       3.129970448745e-04 
       4.139149865523e+00       2.789640397726e-04 
       4.334134407024e+00       2.485271701022e-04 
       4.538344703503e+00       2.212540054601e-04 
       4.752201195312e+00       1.969619694156e-04 
       4.976149428769e+00       1.751724780371e-04 
       5.210659457381e+00       1.559976543519e-04 
       5.456225739813e+00       1.388068682578e-04 
       5.713367436630e+00       1.234678141921e-04 
       5.982629016144e+00       1.098031128280e-04 
       6.264581095054e+00       9.764659675938e-05 
       6.559821456700e+00       8.678073051947e-05 
       6.868976205922e+00       7.713343311601e-05 
       7.192701032936e+00       6.851493361031e-05 
       7.531682569088e+00       6.085360038968e-05 
       7.886639824861e+00       5.407795423756e-05 
       8.258325705669e+00       4.802685352540e-05 
       8.647528604335e+00       4.265213225587e-05 
       9.055074071264e+00       3.785042529756e-05 
       9.481826564591e+00       3.360401836967e-05 
       9.928691283402e+00       2.981974957729e-05 
       1.039661608762e+01       2.642300341555e-05 
       1.088659350847e+01       2.344767122411e-05 
       1.139966285374e+01       2.080973434559e-05 
       1.193691241231e+01       1.845484262496e-05 
       1.249948176251e+01       1.636281199012e-05 
       1.308856418936e+01       1.450577202986e-05 
       1.370540921568e+01       1.285244321332e-05 
       1.435132525246e+01       1.138159300045e-05 
       1.502768237421e+01       1.008423410072e-05 
       1.573591522508e+01       8.948830357492e-06 
       1.647752606189e+01       7.919839055114e-06 
       1.725408794066e+01       7.014723633046e-06 
       1.806724805324e+01       6.197514416091e-06 
       1.891873122127e+01       5.507407203589e-06 
       1.981034355469e+01       4.869118217778e-06 
       2.074397628281e+01       4.314471628142e-06 
       2.172160976582e+01       3.812298849153e-06 
       2.274531769542e+01       3.378983627833e-06 
       2.381727149336e+01       2.982284049824e-06 
       2.493974491737e+01       2.632760804427e-06 
       2.611511888409e+01       2.340870862932e-06 
       2.734588651927e+01       2.065217944222e-06 
       2.863465844609e+01       1.820914980831e-06 
       2.998416832259e+01       1.615134709493e-06 
       3.139727864015e+01       1.429359559532e-06 
       3.287698679520e+01       1.259561963282e-06 
       3.442643144715e+01       1.116602110030e-06 
       3.604889917583e+01       9.840968321457e-07 
       3.774783145282e+01       8.695242001549e-07 
       3.952683194126e+01       7.703508999577e-07 
       4.138967413970e+01       6.831933838276e-07 
       4.334030938621e+01       6.014220371342e-07 
       4.538287523966e+01       5.293739730363e-07 
       4.752170425608e+01       4.683909684018e-07 
       4.976133317857e+01       4.143674394881e-07 
       5.210651256035e+01       3.654340898143e-07 
       5.456221684132e+01       3.247610178060e-07 
       5.713365489949e+01       2.844398152360e-07 
       5.982628109974e+01       2.505029180667e-07 
       6.264580686326e+01       2.187343984023e-07 
       6.559821278220e+01       1.945644766185e-07 
       6.868976130536e+01       1.713815449034e-07 
       7.192701002165e+01       1.527446129186e-07 
       7.531682556961e+01       1.332823063430e-07 
       7.886639820251e+01       1.181406592711e-07 
       8.258325703979e+01       1.056700811439e-07 
       8.647528603739e+01       9.311279902424e-08 
       9.055074071062e+01       8.180861825863e-08 
       9.481826564525e+01       7.199079269414e-08 
       9.928691283381e+01       6.498656533609e-08 
       1.039661608761e+02       5.641213413684e-08 
       1.088659350846e+02       4.897475904722e-08 
       1.139966285374e+02       4.390644623896e-08 
       1.193691241231e+02       3.795865867115e-08 
       1.249948176251e+02       3.324397092383e-08 
       1.308856418936e+02       2.947550449603e-08 
       1.370540921568e+02       2.551971277652e-08 
       1.435132525246e+02       2.331012602268e-08 
       1.502768237421e+02       2.058022032190e-08 
       1.573591522508e+02       1.785695931917e-08 
       1.647752606189e+02       1.529133536665e-08 
       1.725408794066e+02       1.336269249114e-08 
       1.806724805324e+02       1.222571923064e-08 
       1.891873122127e+02       1.104830417046e-08 
       1.981034355469e+02       8.372721120601e-09 
       2.074397628281e+02       8.348723487457e-09 
       2.172160976582e+02       7.006541245798e-09 
       2.274531769542e+02       6.329021635129e-09 
       2.381727149336e+02       5.525076341837e-09 
       2.493974491737e+02       4.345329167084e-09 
       2.611511888409e+02       4.264014938209e-09 
       2.734588651927e+02       3.688709819602e-09 
       2.863465844609e+02       3.244450910539e-09 
       2.998416832259e+02       2.617755060932e-09 
       3.139727864015e+02       2.582300046256e-09 
       3.287698679520e+02       2.330564388482e-09 
