# Matter power spectrum P(k) at redshift z=5.4
# for k=1.03944e-05 to 328.77 h/Mpc,
# number of wavenumbers equal to 605
#    1:k (h/Mpc)              2:P (Mpc/h)^3        
       1.039441571510e-05       1.143917653027e+00 
       1.088428943559e-05       1.196891231101e+00 
       1.139725019325e-05       1.252317938615e+00 
       1.193438604663e-05       1.310311373755e+00 
       1.249683633289e-05       1.370990390175e+00 
       1.308579408449e-05       1.434479348122e+00 
       1.370250855978e-05       1.500908369511e+00 
       1.434828789286e-05       1.570413600913e+00 
       1.502450186827e-05       1.643137480055e+00 
       1.573258482650e-05       1.719229062529e+00 
       1.647403870647e-05       1.798844276703e+00 
       1.725043623124e-05       1.882146299699e+00 
       1.806342424406e-05       1.969305835753e+00 
       1.891472720151e-05       2.060501518615e+00 
       1.980615083129e-05       2.155920223876e+00 
       2.073958596245e-05       2.255757501106e+00 
       2.171701253604e-05       2.360217943809e+00 
       2.274050380486e-05       2.469515606832e+00 
       2.381223073113e-05       2.583874474372e+00 
       2.493446659134e-05       2.703528875944e+00 
       2.610959179822e-05       2.828723993837e+00 
       2.734009894987e-05       2.959716370631e+00 
       2.862859811694e-05       3.096774398237e+00 
       2.997782237893e-05       3.240178909467e+00 
       3.139063362138e-05       3.390223719720e+00 
       3.287002860635e-05       3.547216241936e+00 
       3.441914532896e-05       3.711478114388e+00 
       3.604126967346e-05       3.883345840680e+00 
       3.773984238309e-05       4.063171516642e+00 
       3.951846635827e-05       4.251323493701e+00 
       4.138091429893e-05       4.448187165204e+00 
       4.333113670686e-05       4.654165763863e+00 
       4.537327026525e-05       4.869681143160e+00 
       4.751164661317e-05       5.095174668019e+00 
       4.975080153356e-05       5.331108084569e+00 
       5.209548457420e-05       5.577964484113e+00 
       5.455066912219e-05       5.836249293754e+00 
       5.712156295313e-05       6.106491266498e+00 
       5.981361927751e-05       6.389243559361e+00 
       6.263254830773e-05       6.685084880753e+00 
       6.558432937020e-05       6.994620640138e+00 
       6.867522358831e-05       7.318484165413e+00 
       7.191178716309e-05       7.657338032551e+00 
       7.530088527984e-05       8.011875292212e+00 
       7.884970667002e-05       8.382820969772e+00 
       8.256577885962e-05       8.770933479070e+00 
       8.645698413597e-05       9.177006128748e+00 
       9.053157626715e-05       9.601868724445e+00 
       9.479819800938e-05       1.004638921971e+01 
       9.926589943941e-05       1.051147544193e+01 
       1.039441571510e-04       1.099807688708e+01 
       1.088428943559e-04       1.150718660070e+01 
       1.139725019325e-04       1.203984312663e+01 
       1.193438604663e-04       1.259713254542e+01 
       1.249683633289e-04       1.318019058664e+01 
       1.308579408449e-04       1.379020489078e+01 
       1.370250855978e-04       1.442841722977e+01 
       1.434828789286e-04       1.509612586472e+01 
       1.502450186827e-04       1.579468813567e+01 
       1.573258482650e-04       1.652552304630e+01 
       1.647403870647e-04       1.729011371356e+01 
       1.725043623124e-04       1.809001039799e+01 
       1.806342424406e-04       1.892683323078e+01 
       1.891472720151e-04       1.980227519072e+01 
       1.980615083129e-04       2.071810519516e+01 
       2.073958596245e-04       2.167617119132e+01 
       2.171701253604e-04       2.267840356446e+01 
       2.274050380486e-04       2.372681822229e+01 
       2.381223073113e-04       2.482352029301e+01 
       2.493446659134e-04       2.597070747352e+01 
       2.610959179822e-04       2.717067366453e+01 
       2.734009894987e-04       2.842581277336e+01 
       2.862859811694e-04       2.973862214510e+01 
       2.997782237893e-04       3.111170660872e+01 
       3.139063362138e-04       3.254778207173e+01 
       3.287002860635e-04       3.404967956923e+01 
       3.441914532896e-04       3.562034881646e+01 
       3.604126967346e-04       3.726286232935e+01 
       3.773984238309e-04       3.898041887539e+01 
       3.951846635827e-04       4.077634706620e+01 
       4.138091429893e-04       4.265410947491e+01 
       4.333113670686e-04       4.461730524314e+01 
       4.537327026525e-04       4.666967379704e+01 
       4.751164661317e-04       4.881509785455e+01 
       4.975080153356e-04       5.105760576642e+01 
       5.209548457420e-04       5.340137366363e+01 
       5.455066912219e-04       5.585072820717e+01 
       5.712156295313e-04       5.841014687393e+01 
       5.981361927751e-04       6.108425982978e+01 
       6.263254830773e-04       6.387784932611e+01 
       6.558432937020e-04       6.679584981925e+01 
       6.867522358831e-04       6.984334639245e+01 
       7.191178716309e-04       7.302557293852e+01 
       7.530088527984e-04       7.634790897438e+01 
       7.884970667002e-04       7.981587517927e+01 
       8.256577885962e-04       8.343512967011e+01 
       8.645698413597e-04       8.721146013428e+01 
       9.053157626715e-04       9.115077801488e+01 
       9.479819800938e-04       9.525910874327e+01 
       9.926589943941e-04       9.954258319108e+01 
       1.039441571510e-03       1.040074263432e+02 
       1.088428943559e-03       1.086599449131e+02 
       1.139725019325e-03       1.135065166304e+02 
       1.193438604663e-03       1.185535683569e+02 
       1.249683633289e-03       1.238075738457e+02 
       1.308579408449e-03       1.292750262332e+02 
       1.370250855978e-03       1.349624198889e+02 
       1.434828789286e-03       1.408762408907e+02 
       1.502450186827e-03       1.470229346007e+02 
       1.573258482650e-03       1.534088889291e+02 
       1.647403870647e-03       1.600404051577e+02 
       1.725043623124e-03       1.669236664115e+02 
       1.806342424406e-03       1.740647044871e+02 
       1.891472720151e-03       1.814693572948e+02 
       1.980615083129e-03       1.891432236994e+02 
       2.073958596245e-03       1.970916025749e+02 
       2.171701253604e-03       2.053194275306e+02 
       2.274050380486e-03       2.138312076964e+02 
       2.381223073113e-03       2.226309184358e+02 
       2.493446659134e-03       2.317219662670e+02 
       2.610959179822e-03       2.411070304467e+02 
       2.734009894987e-03       2.507880300296e+02 
       2.862859811694e-03       2.607660050900e+02 
       2.997782237893e-03       2.710410547426e+02 
       3.139063362138e-03       2.816122103670e+02 
       3.287002860635e-03       2.924774006858e+02 
       3.441914532896e-03       3.036333425137e+02 
       3.604126967345e-03       3.150754249205e+02 
       3.773984238305e-03       3.267976038732e+02 
       3.951846635814e-03       3.387923016346e+02 
       4.138091429848e-03       3.510501765515e+02 
       4.333113670534e-03       3.635600605774e+02 
       4.537327026042e-03       3.763087396076e+02 
       4.751164659838e-03       3.892809001723e+02 
       4.975080148993e-03       4.024589723324e+02 
       5.209548445017e-03       4.158229903088e+02 
       5.455066878190e-03       4.293503615005e+02 
       5.712156205140e-03       4.430159582811e+02 
       5.981361696754e-03       4.567917683641e+02 
       6.263254258196e-03       4.706466345293e+02 
       6.558431562524e-03       4.845461839349e+02 
       6.867519160582e-03       4.984529069435e+02 
       7.191171496729e-03       5.123257211604e+02 
       7.530072704257e-03       5.261198084217e+02 
       7.884936964503e-03       5.397865970203e+02 
       8.256508074902e-03       5.532732898967e+02 
       8.645557666719e-03       5.665234069918e+02 
       9.052881226195e-03       5.794756409321e+02 
       9.479290692733e-03       5.920643442396e+02 
       9.925601939390e-03       6.042196610381e+02 
       1.039261492092e-02       6.158653199284e+02 
       1.088108379590e-02       6.269249411381e+02 
       1.139167407410e-02       6.373124522149e+02 
       1.192490411388e-02       6.469375346498e+02 
       1.248106954268e-02       6.557131043384e+02 
       1.306015192574e-02       6.635483502137e+02 
       1.366171767776e-02       6.703589971129e+02 
       1.428481967396e-02       6.760641522309e+02 
       1.492792100706e-02       6.805956136129e+02 
       1.558886502105e-02       6.839082548683e+02 
       1.626491417422e-02       6.859789324752e+02 
       1.695286934301e-02       6.868119047360e+02 
       1.764926168430e-02       6.864416831776e+02 
       1.835058760363e-02       6.849286028009e+02 
       1.905354355797e-02       6.823551835271e+02 
       1.975521843946e-02       6.788201130617e+02 
       2.045321634933e-02       6.744311160073e+02 
       2.114570368999e-02       6.692947096541e+02 
       2.183139227336e-02       6.635160832284e+02 
       2.250947928866e-02       6.571960479570e+02 
       2.317956563857e-02       6.504197879105e+02 
       2.384156963309e-02       6.432691169041e+02 
       2.449564690182e-02       6.358089982630e+02 
       2.514212195473e-02       6.281095218805e+02 
       2.578143298704e-02       6.202165311840e+02 
       2.641408926964e-02       6.121765104976e+02 
       2.704063940089e-02       6.040302523153e+02 
       2.766164838054e-02       5.958127838324e+02 
       2.827768155684e-02       5.875509335490e+02 
       2.888929376710e-02       5.792747125113e+02 
       2.949702230981e-02       5.710038827270e+02 
       3.010138268639e-02       5.627610804091e+02 
       3.070286630818e-02       5.545620370602e+02 
       3.130193957039e-02       5.464240164330e+02 
       3.189904385593e-02       5.383590241564e+02 
       3.249459615342e-02       5.303824852206e+02 
       3.308899006411e-02       5.225066711127e+02 
       3.368259703912e-02       5.147361743029e+02 
       3.427576773646e-02       5.070841170895e+02 
       3.486883342232e-02       4.995594315109e+02 
       3.546210736590e-02       4.921677712049e+02 
       3.605588619481e-02       4.849157492368e+02 
       3.665045119063e-02       4.778107139633e+02 
       3.724606951266e-02       4.708582337931e+02 
       3.784299534431e-02       4.640620457005e+02 
       3.844147096019e-02       4.574244050966e+02 
       3.904172771505e-02       4.509530451068e+02 
       3.964398695723e-02       4.446479927419e+02 
       4.024846087044e-02       4.385132053767e+02 
       4.085535324819e-02       4.325485931917e+02 
       4.146486020563e-02       4.267578772790e+02 
       4.207717083329e-02       4.211408418225e+02 
       4.269246779746e-02       4.156984634391e+02 
       4.331092789152e-02       4.104283304454e+02 
       4.393272254233e-02       4.053353743222e+02 
       4.455801827569e-02       4.004138845030e+02 
       4.518697714421e-02       3.956631210625e+02 
       4.581975712116e-02       3.910814051355e+02 
       4.645651246315e-02       3.866654790229e+02 
       4.709739404439e-02       3.824133529199e+02 
       4.774254966524e-02       3.783215089268e+02 
       4.839212433710e-02       3.743852335806e+02 
       4.904626054591e-02       3.706011752923e+02 
       4.970509849602e-02       3.669627955467e+02 
       5.036877633628e-02       3.634632309379e+02 
       5.103743036975e-02       3.601004539439e+02 
       5.171119524854e-02       3.568651670383e+02 
       5.239020415505e-02       3.537502553622e+02 
       5.307458897075e-02       3.507502951135e+02 
       5.376448043353e-02       3.478555322250e+02 
       5.446000828457e-02       3.450561790247e+02 
       5.516130140571e-02       3.423459287327e+02 
       5.586848794792e-02       3.397149732673e+02 
       5.658169545170e-02       3.371532166933e+02 
       5.730105096009e-02       3.346514266771e+02 
       5.802668112475e-02       3.321977655983e+02 
       5.875871230577e-02       3.297817229136e+02 
       5.949727066567e-02       3.273937018828e+02 
       6.024248225797e-02       3.250229720258e+02 
       6.099447311085e-02       3.226569492764e+02 
       6.175336930616e-02       3.202857444665e+02 
       6.251929705421e-02       3.178976938389e+02 
       6.329238276460e-02       3.154815307440e+02 
       6.407275311340e-02       3.130275617816e+02 
       6.486053510691e-02       3.105241317401e+02 
       6.565585614227e-02       3.079621277933e+02 
       6.645884406518e-02       3.053312319769e+02 
       6.726962722477e-02       3.026227042707e+02 
       6.808833452604e-02       2.998285020349e+02 
       6.891509547984e-02       2.969405662231e+02 
       6.975004025066e-02       2.939527483381e+02 
       7.059329970233e-02       2.908593035372e+02 
       7.144500544176e-02       2.876554075947e+02 
       7.230528986090e-02       2.843381214495e+02 
       7.317428617696e-02       2.809046616830e+02 
       7.405212847100e-02       2.773548568199e+02 
       7.493895172510e-02       2.736890523523e+02 
       7.583489185804e-02       2.699091888510e+02 
       7.674008575965e-02       2.660186923081e+02 
       7.765467132399e-02       2.620224386501e+02 
       7.857878748124e-02       2.579268144052e+02 
       7.951257422856e-02       2.537395540830e+02 
       8.045617265987e-02       2.494695298793e+02 
       8.140972499466e-02       2.451275046612e+02 
       8.237337460583e-02       2.407250666268e+02 
       8.334726604670e-02       2.362741736754e+02 
       8.433154507717e-02       2.317903704432e+02 
       8.532635868907e-02       2.272866976534e+02 
       8.633185513081e-02       2.227784475134e+02 
       8.734818393131e-02       2.182809989686e+02 
       8.837549592326e-02       2.138118404133e+02 
       8.941394326581e-02       2.093854210003e+02 
       9.046367946662e-02       2.050184730492e+02 
       9.152485940339e-02       2.007271138344e+02 
       9.259763934485e-02       1.965256302576e+02 
       9.368217697132e-02       1.924290329566e+02 
       9.477863139475e-02       1.884502630387e+02 
       9.588716317841e-02       1.846025538356e+02 
       9.700793435611e-02       1.808964042367e+02 
       9.814110845115e-02       1.773415996923e+02 
       9.928685049485e-02       1.739465135901e+02 
       1.004453270449e-01       1.707168932820e+02 
       1.016167062032e-01       1.676572086617e+02 
       1.028011576338e-01       1.647713761127e+02 
       1.039988525803e-01       1.620585125853e+02 
       1.052099638834e-01       1.595177835541e+02 
       1.064346659978e-01       1.571455347826e+02 
       1.076731350094e-01       1.549360789494e+02 
       1.089255486525e-01       1.528818670354e+02 
       1.101920863262e-01       1.509728966725e+02 
       1.114729291118e-01       1.491980786584e+02 
       1.127682597891e-01       1.475428687886e+02 
       1.140782628537e-01       1.459927955291e+02 
       1.154031245340e-01       1.445306257893e+02 
       1.167430328075e-01       1.431382848644e+02 
       1.180981774189e-01       1.417960112741e+02 
       1.194687498966e-01       1.404842073023e+02 
       1.208549435706e-01       1.391821701792e+02 
       1.222569535902e-01       1.378694352588e+02 
       1.236749769417e-01       1.365257808492e+02 
       1.251092124670e-01       1.351322017928e+02 
       1.265598608818e-01       1.336711483405e+02 
       1.280271247951e-01       1.321261001229e+02 
       1.295112087282e-01       1.304841389157e+02 
       1.310123191347e-01       1.287346470652e+02 
       1.325306644210e-01       1.268699484701e+02 
       1.340664549670e-01       1.248861328050e+02 
       1.356199031477e-01       1.227835583267e+02 
       1.371912233555e-01       1.205654907347e+02 
       1.387806320229e-01       1.182394143525e+02 
       1.403883476462e-01       1.158165695607e+02 
       1.420145908098e-01       1.133112449843e+02 
       1.436595842114e-01       1.107410833903e+02 
       1.453235526881e-01       1.081257886143e+02 
       1.470067232437e-01       1.054871507061e+02 
       1.487093250766e-01       1.028479824423e+02 
       1.504315896089e-01       1.002315608165e+02 
       1.521737505165e-01       9.766062826571e+01 
       1.539360437612e-01       9.515773788622e+01 
       1.557187076226e-01       9.274362889612e+01 
       1.575219827324e-01       9.043588612215e+01 
       1.593461121101e-01       8.824963851670e+01 
       1.611913411993e-01       8.619757789148e+01 
       1.630579179063e-01       8.428575671858e+01 
       1.649460926397e-01       8.251909035758e+01 
       1.668561183526e-01       8.089763370383e+01 
       1.687882505850e-01       7.941626415806e+01 
       1.707427475096e-01       7.806796501012e+01 
       1.727198699783e-01       7.684047541281e+01 
       1.747198815714e-01       7.571703859102e+01 
       1.767430486482e-01       7.467991536758e+01 
       1.787896404004e-01       7.370830541860e+01 
       1.808599289070e-01       7.278164677105e+01 
       1.829541891925e-01       7.188135011042e+01 
       1.850726992858e-01       7.097911478576e+01 
       1.872157402839e-01       7.005143230941e+01 
       1.893835964156e-01       6.907948501355e+01 
       1.915765551102e-01       6.804745677251e+01 
       1.937949070674e-01       6.694306884624e+01 
       1.960389463306e-01       6.575855578306e+01 
       1.983089703634e-01       6.449115181863e+01 
       2.006052801287e-01       6.314331382313e+01 
       2.029281801717e-01       6.172265389837e+01 
       2.052779787053e-01       6.024299978470e+01 
       2.076549876996e-01       5.872181399130e+01 
       2.100595229749e-01       5.717944454164e+01 
       2.124919042982e-01       5.563848458937e+01 
       2.149524554836e-01       5.412077679528e+01 
       2.174415044964e-01       5.264713795347e+01 
       2.199593835622e-01       5.123566409574e+01 
       2.225064292787e-01       4.990058485518e+01 
       2.250829827337e-01       4.864914091940e+01 
       2.276893896260e-01       4.748871510959e+01 
       2.303260003924e-01       4.642072193847e+01 
       2.329931703385e-01       4.544027639242e+01 
       2.356912597752e-01       4.454305689269e+01 
       2.384206341604e-01       4.371836638333e+01 
       2.411816642459e-01       4.295330806455e+01 
       2.439747262300e-01       4.223179707581e+01 
       2.468002019165e-01       4.153533195854e+01 
       2.496584788785e-01       4.084519917546e+01 
       2.525499506303e-01       4.014460902383e+01 
       2.554750168040e-01       3.941636157892e+01 
       2.584340833344e-01       3.865202717964e+01 
       2.614275626498e-01       3.784571664990e+01 
       2.644558738710e-01       3.699774633797e+01 
       2.675194430176e-01       3.611375098371e+01 
       2.706187032217e-01       3.520329762123e+01 
       2.737540949511e-01       3.427834883049e+01 
       2.769260662395e-01       3.335353035915e+01 
       2.801350729270e-01       3.244180731159e+01 
       2.833815789091e-01       3.155710755634e+01 
       2.866660563954e-01       3.071142895004e+01 
       2.899889861791e-01       2.991360479247e+01 
       2.933508579160e-01       2.916988300630e+01 
       2.967521704153e-01       2.848137451611e+01 
       3.001934319413e-01       2.784358800440e+01 
       3.036751605276e-01       2.724886346772e+01 
       3.071978843033e-01       2.668628170917e+01 
       3.107621418325e-01       2.614402859314e+01 
       3.143684824675e-01       2.561063981832e+01 
       3.180174667161e-01       2.507667492303e+01 
       3.217096666243e-01       2.453491890947e+01 
       3.254456661739e-01       2.398076846187e+01 
       3.292260616973e-01       2.341223673669e+01 
       3.330514623091e-01       2.283048988095e+01 
       3.369224903559e-01       2.223986967263e+01 
       3.408397818850e-01       2.164759173594e+01 
       3.448039871328e-01       2.106258951449e+01 
       3.488157710346e-01       2.049386872621e+01 
       3.528758137560e-01       1.994843864442e+01 
       3.569848112472e-01       1.943053043742e+01 
       3.611434758224e-01       1.894124087453e+01 
       3.653525367639e-01       1.847915511724e+01 
       3.696127409538e-01       1.804098721616e+01 
       3.739248535338e-01       1.762188972258e+01 
       3.782896585951e-01       1.721581060330e+01 
       3.827079599000e-01       1.681614564047e+01 
       3.871805816365e-01       1.641721838235e+01 
       3.917083692089e-01       1.601557421866e+01 
       3.962921900649e-01       1.561084550056e+01 
       4.009329345627e-01       1.520518461720e+01 
       4.056315168792e-01       1.480206850765e+01 
       4.103888759632e-01       1.440518951511e+01 
       4.152059765344e-01       1.401806424528e+01 
       4.200838101329e-01       1.364399706857e+01 
       4.250233962207e-01       1.328546460224e+01 
       4.300257833389e-01       1.294328373318e+01 
       4.350920503249e-01       1.261597259038e+01 
       4.402233075914e-01       1.230033568393e+01 
       4.454206984736e-01       1.199289286812e+01 
       4.506854006466e-01       1.169095899969e+01 
       4.560186276189e-01       1.139276992964e+01 
       4.614216303071e-01       1.109722382020e+01 
       4.668956986955e-01       1.080403233543e+01 
       4.724421635890e-01       1.051428194588e+01 
       4.780623984623e-01       1.023027848909e+01 
       4.837578214154e-01       9.954355236267e+00 
       4.895298972391e-01       9.687634709295e+00 
       4.953801396020e-01       9.430060848167e+00 
       5.013101133638e-01       9.181134112484e+00 
       5.073214370266e-01       8.940118012821e+00 
       5.134157853330e-01       8.705635632132e+00 
       5.195948920219e-01       8.475880824757e+00 
       5.258605527531e-01       8.249711646549e+00 
       5.322146282141e-01       8.027243361309e+00 
       5.386590474225e-01       7.809111953863e+00 
       5.451958112383e-01       7.595781552765e+00 
       5.518269961031e-01       7.387798361501e+00 
       5.585547580240e-01       7.185930718084e+00 
       5.653813368197e-01       6.990429106950e+00 
       5.723090606529e-01       6.800575734638e+00 
       5.793403508692e-01       6.615517158498e+00 
       5.864777271687e-01       6.434858853719e+00 
       5.937238131390e-01       6.258218874071e+00 
       6.010813421777e-01       6.085138544474e+00 
       6.085531638393e-01       5.915788539504e+00 
       6.161422506428e-01       5.750736207324e+00 
       6.238517053790e-01       5.590063207106e+00 
       6.316847689635e-01       5.433601729288e+00 
       6.396448288827e-01       5.281415882839e+00 
       6.477354282875e-01       5.133216605513e+00 
       6.559602757945e-01       4.988398685064e+00 
       6.643232560598e-01       4.846897946354e+00 
       6.728284411997e-01       4.708793329265e+00 
       6.814801031383e-01       4.573878801247e+00 
       6.902827269736e-01       4.442310491640e+00 
       6.992410254616e-01       4.314223515827e+00 
       7.083599547303e-01       4.189284227080e+00 
       7.176447313498e-01       4.067418394491e+00 
       7.271008508973e-01       3.948551215685e+00 
       7.367341081734e-01       3.832383554721e+00 
       7.465506192458e-01       3.719021946261e+00 
       7.565568455175e-01       3.608420037812e+00 
       7.667596200406e-01       3.500432691751e+00 
       7.771661763261e-01       3.395128907111e+00 
       7.877841799308e-01       3.292260343038e+00 
       7.986217631414e-01       3.191804864338e+00 
       8.096875631153e-01       3.093692275281e+00 
       8.209907638875e-01       2.997820567142e+00 
       8.325411427102e-01       2.904242361946e+00 
       8.443491212515e-01       2.812787186367e+00 
       8.564258222607e-01       2.723489341748e+00 
       8.687831323856e-01       2.636179825447e+00 
       8.814337719335e-01       2.550889352109e+00 
       8.943913724798e-01       2.467494750534e+00 
       9.076705633606e-01       2.386016965993e+00 
       9.212870682466e-01       2.306334832530e+00 
       9.352578131720e-01       2.228446981185e+00 
       9.496010476076e-01       2.152235644905e+00 
       9.643364804132e-01       2.077717424901e+00 
       9.794854327925e-01       2.004792854441e+00 
       9.950710107137e-01       1.933455669070e+00 
       1.011118299649e+00       1.863645553891e+00 
       1.027654584949e+00       1.795310856945e+00 
       1.044709601705e+00       1.728433683784e+00 
       1.062315818564e+00       1.662951137259e+00 
       1.080508760706e+00       1.598824122730e+00 
       1.099327377988e+00       1.536035143665e+00 
       1.118814465254e+00       1.474540286895e+00 
       1.139017142838e+00       1.414303460113e+00 
       1.159987406523e+00       1.355301512327e+00 
       1.181782757508e+00       1.297512170631e+00 
       1.204466924296e+00       1.240904227834e+00 
       1.228110689814e+00       1.185454447311e+00 
       1.252792838276e+00       1.131131296075e+00 
       1.278601237189e+00       1.077913597277e+00 
       1.305634070045e+00       1.025785312338e+00 
       1.334001234132e+00       9.747333626260e-01 
       1.363825914699e+00       9.247560824969e-01 
       1.395246340115e+00       8.758465442873e-01 
       1.428417711027e+00       8.280008059068e-01 
       1.463514277278e+00       7.812167846604e-01 
       1.500731506377e+00       7.355051701451e-01 
       1.540288242703e+00       6.908809017571e-01 
       1.582428693406e+00       6.473641612853e-01 
       1.627423992086e+00       6.049873356216e-01 
       1.675572985692e+00       5.637948761660e-01 
       1.727201772779e+00       5.238368080866e-01 
       1.782661416417e+00       4.851696109258e-01 
       1.842323209855e+00       4.478667910886e-01 
       1.906570961143e+00       4.120160906810e-01 
       1.975790075473e+00       3.777056395324e-01 
       2.050353823144e+00       3.450280507892e-01 
       2.130608069751e+00       3.140810478305e-01 
       2.216856723667e+00       2.849493585479e-01 
       2.309350833013e+00       2.577032513600e-01 
       2.408284166381e+00       2.323896264259e-01 
       2.513796969118e+00       2.090258219355e-01 
       2.625987629569e+00       1.875963207836e-01 
       2.744929960642e+00       1.680532584958e-01 
       2.870692567079e+00       1.503199283278e-01 
       3.003356777944e+00       1.342961452775e-01 
       3.143030673842e+00       1.198670465621e-01 
       3.289858202671e+00       1.069086588252e-01 
       3.444023643325e+00       9.529493010523e-02 
       3.605752430110e+00       8.490234312185e-02 
       3.775309589662e+00       7.561296075945e-02 
       3.952996932004e+00       6.731752740863e-02 
       4.139149865523e+00       5.991424497107e-02 
       4.334134407024e+00       5.331055462947e-02 
       4.538344703503e+00       4.742320272880e-02 
       4.752201195312e+00       4.217608026900e-02 
       4.976149428769e+00       3.750118155183e-02 
       5.210659457381e+00       3.333703730624e-02 
       5.456225739813e+00       2.962990351914e-02 
       5.713367436630e+00       2.632887137251e-02 
       5.982629016144e+00       2.339086517454e-02 
       6.264581095054e+00       2.077656725687e-02 
       6.559821456700e+00       1.845081069258e-02 
       6.868976205922e+00       1.638240339889e-02 
       7.192701032936e+00       1.454310076964e-02 
       7.531682569088e+00       1.290785612990e-02 
       7.886639824861e+00       1.145437581349e-02 
       8.258325705669e+00       1.016271746491e-02 
       8.647528604335e+00       9.015184379156e-03 
       9.055074071264e+00       7.995767818401e-03 
       9.481826564591e+00       7.090318928304e-03 
       9.928691283402e+00       6.286469161148e-03 
       1.039661608762e+01       5.572787081247e-03 
       1.088659350847e+01       4.939273333482e-03 
       1.139966285374e+01       4.377044161877e-03 
       1.193691241231e+01       3.878324379354e-03 
       1.249948176251e+01       3.435811079240e-03 
       1.308856418936e+01       3.043357795392e-03 
       1.370540921568e+01       2.695317011712e-03 
       1.435132525246e+01       2.386748992844e-03 
       1.502768237421e+01       2.113172136550e-03 
       1.573591522508e+01       1.870685725841e-03 
       1.647752606189e+01       1.656316273497e-03 
       1.725408794066e+01       1.465416470271e-03 
       1.806724805324e+01       1.296762877337e-03 
       1.891873122127e+01       1.147331989608e-03 
       1.981034355469e+01       1.015334356754e-03 
       2.074397628281e+01       8.977723991852e-04 
       2.172160976582e+01       7.941895784418e-04 
       2.274531769542e+01       7.023244700929e-04 
       2.381727149336e+01       6.211284583539e-04 
       2.493974491737e+01       5.488320734073e-04 
       2.611511888409e+01       4.853780554805e-04 
       2.734588651927e+01       4.289240958573e-04 
       2.863465844609e+01       3.790457839631e-04 
       2.998416832259e+01       3.348226710539e-04 
       3.139727864015e+01       2.957813572776e-04 
       3.287698679520e+01       2.613630718982e-04 
       3.442643144715e+01       2.308932295557e-04 
       3.604889917583e+01       2.038774768122e-04 
       3.774783145282e+01       1.801275143272e-04 
       3.952683194126e+01       1.590027145594e-04 
       4.138967413970e+01       1.404492152315e-04 
       4.334030938621e+01       1.239069271225e-04 
       4.538287523966e+01       1.091744481602e-04 
       4.752170425608e+01       9.654628164237e-05 
       4.976133317857e+01       8.516402752538e-05 
       5.210651256035e+01       7.510097091994e-05 
       5.456221684132e+01       6.625039625658e-05 
       5.713365489949e+01       5.850568419417e-05 
       5.982628109974e+01       5.156930870823e-05 
       6.264580686326e+01       4.551712421133e-05 
       6.559821278220e+01       4.015764571040e-05 
       6.868976130536e+01       3.539345988519e-05 
       7.192701002165e+01       3.125587471450e-05 
       7.531682556961e+01       2.743689790486e-05 
       7.886639820251e+01       2.415590745419e-05 
       8.258325703979e+01       2.128474069533e-05 
       8.647528603739e+01       1.881456571137e-05 
       9.055074071062e+01       1.655927857947e-05 
       9.481826564525e+01       1.455609718147e-05 
       9.928691283381e+01       1.278589680916e-05 
       1.039661608761e+02       1.128031872284e-05 
       1.088659350846e+02       9.951638253703e-06 
       1.139966285374e+02       8.799065194830e-06 
       1.193691241231e+02       7.682212330017e-06 
       1.249948176251e+02       6.777291108106e-06 
       1.308856418936e+02       5.944641921455e-06 
       1.370540921568e+02       5.238402431516e-06 
       1.435132525246e+02       4.592381577427e-06 
       1.502768237421e+02       4.028324655581e-06 
       1.573591522508e+02       3.556469140897e-06 
       1.647752606189e+02       3.099706972307e-06 
       1.725408794066e+02       2.761150440466e-06 
       1.806724805324e+02       2.394869431478e-06 
       1.891873122127e+02       2.107337720806e-06 
       1.981034355469e+02       1.829667097942e-06 
       2.074397628281e+02       1.617258473413e-06 
       2.172160976582e+02       1.417417710636e-06 
       2.274531769542e+02       1.231863515268e-06 
       2.381727149336e+02       1.089250790921e-06 
       2.493974491737e+02       9.455260320032e-07 
       2.611511888409e+02       8.263902659348e-07 
       2.734588651927e+02       7.235606900798e-07 
       2.863465844609e+02       6.388924420121e-07 
       2.998416832259e+02       5.612681954488e-07 
       3.139727864015e+02       4.839786862087e-07 
       3.287698679520e+02       4.215461012907e-07 
