# Matter power spectrum P(k) at redshift z=99
# for k=1.03944e-05 to 328.77 h/Mpc,
# number of wavenumbers equal to 605
#    1:k (h/Mpc)              2:P (Mpc/h)^3        
       1.039441571510e-05       4.240023944827e-03 
       1.088428943559e-05       4.436375511361e-03 
       1.139725019325e-05       4.641819858225e-03 
       1.193438604663e-05       4.856778092481e-03 
       1.249683633289e-05       5.081690362230e-03 
       1.308579408449e-05       5.317018507992e-03 
       1.370250855978e-05       5.563244388745e-03 
       1.434828789286e-05       5.820872716231e-03 
       1.502450186827e-05       6.090431520102e-03 
       1.573258482650e-05       6.372473281766e-03 
       1.647403870647e-05       6.667575976186e-03 
       1.725043623124e-05       6.976344545188e-03 
       1.806342424406e-05       7.299411729083e-03 
       1.891472720151e-05       7.637440876543e-03 
       1.980615083129e-05       7.991122490961e-03 
       2.073958596245e-05       8.361182594676e-03 
       2.171701253604e-05       8.748379639138e-03 
       2.274050380486e-05       9.153507221655e-03 
       2.381223073113e-05       9.577395547028e-03 
       2.493446659134e-05       1.002091379784e-02 
       2.610959179822e-05       1.048496969190e-02 
       2.734009894987e-05       1.097051594390e-02 
       2.862859811694e-05       1.147854632669e-02 
       2.997782237893e-05       1.201010280397e-02 
       3.139063362138e-05       1.256627450709e-02 
       3.287002860635e-05       1.314820123725e-02 
       3.441914532896e-05       1.375707589991e-02 
       3.604126967346e-05       1.439414591030e-02 
       3.773984238309e-05       1.506071594239e-02 
       3.951846635827e-05       1.575815429717e-02 
       4.138091429893e-05       1.648788742817e-02 
       4.333113670686e-05       1.725141292027e-02 
       4.537327026525e-05       1.805029413062e-02 
       4.751164661317e-05       1.888616893150e-02 
       4.975080153356e-05       1.976074908281e-02 
       5.209548457420e-05       2.067582791054e-02 
       5.455066912219e-05       2.163327943131e-02 
       5.712156295313e-05       2.263506560228e-02 
       5.981361927751e-05       2.368323864712e-02 
       6.263254830773e-05       2.477994658068e-02 
       6.558432937020e-05       2.592743615494e-02 
       6.867522358831e-05       2.712805733455e-02 
       7.191178716309e-05       2.838427046912e-02 
       7.530088527984e-05       2.969864875595e-02 
       7.884970667002e-05       3.107388354756e-02 
       8.256577885962e-05       3.251279192764e-02 
       8.645698413597e-05       3.401832189162e-02 
       9.053157626715e-05       3.559355520357e-02 
       9.479819800938e-05       3.724171776902e-02 
       9.926589943941e-05       3.896618409259e-02 
       1.039441571510e-04       4.077048516133e-02 
       1.088428943559e-04       4.265831396475e-02 
       1.139725019325e-04       4.463353439453e-02 
       1.193438604663e-04       4.670018925291e-02 
       1.249683633289e-04       4.886250755776e-02 
       1.308579408449e-04       5.112491322445e-02 
       1.370250855978e-04       5.349203344264e-02 
       1.434828789286e-04       5.596871017729e-02 
       1.502450186827e-04       5.856000707843e-02 
       1.573258482650e-04       6.127122145495e-02 
       1.647403870647e-04       6.410789480045e-02 
       1.725043623124e-04       6.707582276596e-02 
       1.806342424406e-04       7.018106750235e-02 
       1.891472720151e-04       7.342996963336e-02 
       1.980615083129e-04       7.682916086779e-02 
       2.073958596245e-04       8.038557662406e-02 
       2.171701253604e-04       8.410646950232e-02 
       2.274050380486e-04       8.799942495022e-02 
       2.381223073113e-04       9.207237439087e-02 
       2.493446659134e-04       9.633361100195e-02 
       2.610959179822e-04       1.007918062097e-01 
       2.734009894987e-04       1.054560255430e-01 
       2.862859811694e-04       1.103357463409e-01 
       2.997782237893e-04       1.154408762625e-01 
       3.139063362138e-04       1.207817703981e-01 
       3.287002860635e-04       1.263692502131e-01 
       3.441914532896e-04       1.322146251896e-01 
       3.604126967346e-04       1.383297141083e-01 
       3.773984238309e-04       1.447268612932e-01 
       3.951846635827e-04       1.514189638975e-01 
       4.138091429893e-04       1.584194914770e-01 
       4.333113670686e-04       1.657425092895e-01 
       4.537327026525e-04       1.734027022879e-01 
       4.751164661317e-04       1.814153982445e-01 
       4.975080153356e-04       1.897965958388e-01 
       5.209548457420e-04       1.985629810380e-01 
       5.455066912219e-04       2.077319634053e-01 
       5.712156295313e-04       2.173216918769e-01 
       5.981361927751e-04       2.273510853254e-01 
       6.263254830773e-04       2.378398564085e-01 
       6.558432937020e-04       2.488085336767e-01 
       6.867522358831e-04       2.602784908604e-01 
       7.191178716309e-04       2.722719665007e-01 
       7.530088527984e-04       2.848120873573e-01 
       7.884970667002e-04       2.979228862528e-01 
       8.256577885962e-04       3.116293269959e-01 
       8.645698413597e-04       3.259573161071e-01 
       9.053157626715e-04       3.409337140243e-01 
       9.479819800938e-04       3.565863514272e-01 
       9.926589943941e-04       3.729440289726e-01 
       1.039441571510e-03       3.900365189574e-01 
       1.088428943559e-03       4.078945602663e-01 
       1.139725019325e-03       4.265498473913e-01 
       1.193438604663e-03       4.460349914035e-01 
       1.249683633289e-03       4.663835194115e-01 
       1.308579408449e-03       4.876298067608e-01 
       1.370250855978e-03       5.098090249982e-01 
       1.434828789286e-03       5.329570736614e-01 
       1.502450186827e-03       5.571104927509e-01 
       1.573258482650e-03       5.823063526661e-01 
       1.647403870647e-03       6.085821216480e-01 
       1.725043623124e-03       6.359755088766e-01 
       1.806342424406e-03       6.645242836064e-01 
       1.891472720151e-03       6.942660610538e-01 
       1.980615083129e-03       7.252380570760e-01 
       2.073958596245e-03       7.574767838958e-01 
       2.171701253604e-03       7.910177295987e-01 
       2.274050380486e-03       8.258949959472e-01 
       2.381223073113e-03       8.621408440343e-01 
       2.493446659134e-03       8.997852494144e-01 
       2.610959179822e-03       9.388553556135e-01 
       2.734009894987e-03       9.793748638343e-01 
       2.862859811694e-03       1.021363415937e+00 
       2.997782237893e-03       1.064835909894e+00 
       3.139063362138e-03       1.109801625193e+00 
       3.287002860635e-03       1.156263547596e+00 
       3.441914532896e-03       1.204217382344e+00 
       3.604126967345e-03       1.253650719447e+00 
       3.773984238305e-03       1.304542044590e+00 
       3.951846635814e-03       1.356859878592e+00 
       4.138091429848e-03       1.410561677950e+00 
       4.333113670534e-03       1.465593100695e+00 
       4.537327026042e-03       1.521886930624e+00 
       4.751164659838e-03       1.579362566974e+00 
       4.975080148993e-03       1.637925168698e+00 
       5.209548445017e-03       1.697465211410e+00 
       5.455066878190e-03       1.757857761180e+00 
       5.712156205140e-03       1.818963473039e+00 
       5.981361696754e-03       1.880628102360e+00 
       6.263254258196e-03       1.942682416873e+00 
       6.558431562524e-03       2.004942994311e+00 
       6.867519160582e-03       2.067213841102e+00 
       7.191171496729e-03       2.129286160374e+00 
       7.530072704257e-03       2.190939577528e+00 
       7.884936964503e-03       2.251943615119e+00 
       8.256508074902e-03       2.312056622910e+00 
       8.645557666719e-03       2.371028573002e+00 
       9.052881226195e-03       2.428596680413e+00 
       9.479290692733e-03       2.484487932194e+00 
       9.925601939390e-03       2.538415544415e+00 
       1.039261492092e-02       2.590075184041e+00 
       1.088108379590e-02       2.639145758517e+00 
       1.139167407410e-02       2.685285205976e+00 
       1.192490411388e-02       2.728133890299e+00 
       1.248106954268e-02       2.767313002354e+00 
       1.306015192574e-02       2.802439865786e+00 
       1.366171767776e-02       2.833135647074e+00 
       1.428481967396e-02       2.859054065024e+00 
       1.492792100706e-02       2.879897892718e+00 
       1.558886502105e-02       2.895457142072e+00 
       1.626491417422e-02       2.905626512940e+00 
       1.695286934301e-02       2.910424825815e+00 
       1.764926168430e-02       2.910003476549e+00 
       1.835058760363e-02       2.904627027298e+00 
       1.905354355797e-02       2.894654842868e+00 
       1.975521843946e-02       2.880513923845e+00 
       2.045321634933e-02       2.862668210127e+00 
       2.114570368999e-02       2.841575375543e+00 
       2.183139227336e-02       2.817686398828e+00 
       2.250947928866e-02       2.791433925626e+00 
       2.317956563857e-02       2.763184551309e+00 
       2.384156963309e-02       2.733290776197e+00 
       2.449564690182e-02       2.702033882746e+00 
       2.514212195473e-02       2.669716454096e+00 
       2.578143298704e-02       2.636538861390e+00 
       2.641408926964e-02       2.602700773832e+00 
       2.704063940089e-02       2.568381901633e+00 
       2.766164838054e-02       2.533731274077e+00 
       2.827768155684e-02       2.498868386275e+00 
       2.888929376710e-02       2.463919888770e+00 
       2.949702230981e-02       2.428974679717e+00 
       3.010138268639e-02       2.394127526487e+00 
       3.070286630818e-02       2.359448935974e+00 
       3.130193957039e-02       2.325013041748e+00 
       3.189904385593e-02       2.290872927659e+00 
       3.249459615342e-02       2.257092951198e+00 
       3.308899006411e-02       2.223729540772e+00 
       3.368259703912e-02       2.190800229153e+00 
       3.427576773646e-02       2.158364700249e+00 
       3.486883342232e-02       2.126458726183e+00 
       3.546210736590e-02       2.095109503868e+00 
       3.605588619481e-02       2.064344957360e+00 
       3.665045119063e-02       2.034197836954e+00 
       3.724606951266e-02       2.004689906328e+00 
       3.784299534431e-02       1.975840142157e+00 
       3.844147096019e-02       1.947657858677e+00 
       3.904172771505e-02       1.920175809772e+00 
       3.964398695723e-02       1.893395502372e+00 
       4.024846087044e-02       1.867333493654e+00 
       4.085535324819e-02       1.841989843385e+00 
       4.146486020563e-02       1.817381097586e+00 
       4.207717083329e-02       1.793506422123e+00 
       4.269246779746e-02       1.770370588811e+00 
       4.331092789152e-02       1.747963545796e+00 
       4.393272254233e-02       1.726306304226e+00 
       4.455801827569e-02       1.705375063625e+00 
       4.518697714421e-02       1.685164453740e+00 
       4.581975712116e-02       1.665672051391e+00 
       4.645651246315e-02       1.646883150706e+00 
       4.709739404439e-02       1.628787488079e+00 
       4.774254966524e-02       1.611381807930e+00 
       4.839212433710e-02       1.594629921098e+00 
       4.904626054591e-02       1.578521175658e+00 
       4.970509849602e-02       1.563030933884e+00 
       5.036877633628e-02       1.548144443309e+00 
       5.103743036975e-02       1.533830977465e+00 
       5.171119524854e-02       1.520054544679e+00 
       5.239020415505e-02       1.506789128382e+00 
       5.307458897075e-02       1.494010625168e+00 
       5.376448043353e-02       1.481679155659e+00 
       5.446000828457e-02       1.469752868509e+00 
       5.516130140571e-02       1.458205104606e+00 
       5.586848794792e-02       1.446994310088e+00 
       5.658169545170e-02       1.436077782449e+00 
       5.730105096009e-02       1.425416463984e+00 
       5.802668112475e-02       1.414960135938e+00 
       5.875871230577e-02       1.404664272924e+00 
       5.949727066567e-02       1.394488182984e+00 
       6.024248225797e-02       1.384386412436e+00 
       6.099447311085e-02       1.374305496930e+00 
       6.175336930616e-02       1.364203524262e+00 
       6.251929705421e-02       1.354030918922e+00 
       6.329238276460e-02       1.343739849853e+00 
       6.407275311340e-02       1.333289177089e+00 
       6.486053510691e-02       1.322629312433e+00 
       6.565585614227e-02       1.311721530622e+00 
       6.645884406518e-02       1.300521951306e+00 
       6.726962722477e-02       1.288993409165e+00 
       6.808833452604e-02       1.277101596758e+00 
       6.891509547984e-02       1.264812269199e+00 
       6.975004025066e-02       1.252099217696e+00 
       7.059329970233e-02       1.238937891563e+00 
       7.144500544176e-02       1.225307719334e+00 
       7.230528986090e-02       1.211196089162e+00 
       7.317428617696e-02       1.196591098804e+00 
       7.405212847100e-02       1.181491853901e+00 
       7.493895172510e-02       1.165899751350e+00 
       7.583489185804e-02       1.149822903073e+00 
       7.674008575965e-02       1.133275701097e+00 
       7.765467132399e-02       1.116278794159e+00 
       7.857878748124e-02       1.098859177484e+00 
       7.951257422856e-02       1.081049564415e+00 
       8.045617265987e-02       1.062887610145e+00 
       8.140972499466e-02       1.044418840476e+00 
       8.237337460583e-02       1.025692410538e+00 
       8.334726604670e-02       1.006759051524e+00 
       8.433154507717e-02       9.876846357344e-01 
       8.532635868907e-02       9.685245324186e-01 
       8.633185513081e-02       9.493436736203e-01 
       8.734818393131e-02       9.302072759974e-01 
       8.837549592326e-02       9.111895931983e-01 
       8.941394326581e-02       8.923520243569e-01 
       9.046367946662e-02       8.737656677649e-01 
       9.152485940339e-02       8.554989501817e-01 
       9.259763934485e-02       8.376126618367e-01 
       9.368217697132e-02       8.201706390006e-01 
       9.477863139475e-02       8.032279261738e-01 
       9.588716317841e-02       7.868411586556e-01 
       9.700793435611e-02       7.710545058382e-01 
       9.814110845115e-02       7.559096532173e-01 
       9.928685049485e-02       7.414429162984e-01 
       1.004453270449e-01       7.276788693789e-01 
       1.016167062032e-01       7.146358352946e-01 
       1.028011576338e-01       7.023314542608e-01 
       1.039988525803e-01       6.907621530604e-01 
       1.052099638834e-01       6.799237535707e-01 
       1.064346659978e-01       6.698016975519e-01 
       1.076731350094e-01       6.603717257936e-01 
       1.089255486525e-01       6.516019136585e-01 
       1.101920863262e-01       6.434499010404e-01 
       1.114729291118e-01       6.358687557826e-01 
       1.127682597891e-01       6.287967946612e-01 
       1.140782628537e-01       6.221726604745e-01 
       1.154031245340e-01       6.159232544091e-01 
       1.167430328075e-01       6.099718846633e-01 
       1.180981774189e-01       6.042346920419e-01 
       1.194687498966e-01       5.986284967089e-01 
       1.208549435706e-01       5.930653986272e-01 
       1.222569535902e-01       5.874584900948e-01 
       1.236749769417e-01       5.817219028349e-01 
       1.251092124670e-01       5.757748372021e-01 
       1.265598608818e-01       5.695427372623e-01 
       1.280271247951e-01       5.629553424725e-01 
       1.295112087282e-01       5.559576323020e-01 
       1.310123191347e-01       5.485043818116e-01 
       1.325306644210e-01       5.405627854512e-01 
       1.340664549670e-01       5.321160794265e-01 
       1.356199031477e-01       5.231655243452e-01 
       1.371912233555e-01       5.137248197974e-01 
       1.387806320229e-01       5.038254836295e-01 
       1.403883476462e-01       4.935150527572e-01 
       1.420145908098e-01       4.828540188345e-01 
       1.436595842114e-01       4.719171282334e-01 
       1.453235526881e-01       4.607878826716e-01 
       1.470067232437e-01       4.495587205130e-01 
       1.487093250766e-01       4.383264395811e-01 
       1.504315896089e-01       4.271898650168e-01 
       1.521737505165e-01       4.162455459466e-01 
       1.539360437612e-01       4.055914542169e-01 
       1.557187076226e-01       3.953114920490e-01 
       1.575219827324e-01       3.854827622477e-01 
       1.593461121101e-01       3.761690792662e-01 
       1.611913411993e-01       3.674233582840e-01 
       1.630579179063e-01       3.592746308582e-01 
       1.649460926397e-01       3.517424241783e-01 
       1.668561183526e-01       3.448271224294e-01 
       1.687882505850e-01       3.385091365186e-01 
       1.707427475096e-01       3.327549786249e-01 
       1.727198699783e-01       3.275124865101e-01 
       1.747198815714e-01       3.227148625636e-01 
       1.767430486482e-01       3.182847040283e-01 
       1.787896404004e-01       3.141356936891e-01 
       1.808599289070e-01       3.101749267069e-01 
       1.829541891925e-01       3.063292131767e-01 
       1.850726992858e-01       3.024764199064e-01 
       1.872157402839e-01       2.985168072570e-01 
       1.893835964156e-01       2.943703958287e-01 
       1.915765551102e-01       2.899698177617e-01 
       1.937949070674e-01       2.852628747688e-01 
       1.960389463306e-01       2.802163360040e-01 
       1.983089703634e-01       2.748183376400e-01 
       2.006052801287e-01       2.690790547047e-01 
       2.029281801717e-01       2.630320582476e-01 
       2.052779787053e-01       2.567331861115e-01 
       2.076549876996e-01       2.502564111080e-01 
       2.100595229749e-01       2.436908158408e-01 
       2.124919042982e-01       2.371305770941e-01 
       2.149524554836e-01       2.306697498911e-01 
       2.174415044964e-01       2.243943985307e-01 
       2.199593835622e-01       2.183825790415e-01 
       2.225064292787e-01       2.126933804797e-01 
       2.250829827337e-01       2.073610822633e-01 
       2.276893896260e-01       2.024149606329e-01 
       2.303260003924e-01       1.978612750099e-01 
       2.329931703385e-01       1.936802990049e-01 
       2.356912597752e-01       1.898529348160e-01 
       2.384206341604e-01       1.863341074240e-01 
       2.411816642459e-01       1.830691081883e-01 
       2.439747262300e-01       1.799897598618e-01 
       2.468002019165e-01       1.770174937225e-01 
       2.496584788785e-01       1.740727818777e-01 
       2.525499506303e-01       1.710842326889e-01 
       2.554750168040e-01       1.679799654393e-01 
       2.584340833344e-01       1.647220308221e-01 
       2.614275626498e-01       1.612863949094e-01 
       2.644558738710e-01       1.576740575349e-01 
       2.675194430176e-01       1.539081866085e-01 
       2.706187032217e-01       1.500308296339e-01 
       2.737540949511e-01       1.460925336905e-01 
       2.769260662395e-01       1.421531481551e-01 
       2.801350729270e-01       1.382699984235e-01 
       2.833815789091e-01       1.345014967598e-01 
       2.866660563954e-01       1.308986167506e-01 
       2.899889861791e-01       1.274989564773e-01 
       2.933508579160e-01       1.243290792090e-01 
       2.967521704153e-01       1.213937733471e-01 
       3.001934319413e-01       1.186741393391e-01 
       3.036751605276e-01       1.161377077323e-01 
       3.071978843033e-01       1.137382093626e-01 
       3.107621418325e-01       1.114254557612e-01 
       3.143684824675e-01       1.091508418088e-01 
       3.180174667161e-01       1.068741927585e-01 
       3.217096666243e-01       1.045648152752e-01 
       3.254456661739e-01       1.022030900555e-01 
       3.292260616973e-01       9.978050254262e-02 
       3.330514623091e-01       9.730194994336e-02 
       3.369224903559e-01       9.478581067898e-02 
       3.408397818850e-01       9.226268421558e-02 
       3.448039871328e-01       8.977047125427e-02 
       3.488157710346e-01       8.734739677002e-02 
       3.528758137560e-01       8.502324345042e-02 
       3.569848112472e-01       8.281604152360e-02 
       3.611434758224e-01       8.073045391490e-02 
       3.653525367639e-01       7.876060906653e-02 
       3.696127409538e-01       7.689252239096e-02 
       3.739248535338e-01       7.510569887987e-02 
       3.782896585951e-01       7.337437674872e-02 
       3.827079599000e-01       7.167055089677e-02 
       3.871805816365e-01       6.997009918709e-02 
       3.917083692089e-01       6.825831918066e-02 
       3.962921900649e-01       6.653360391268e-02 
       4.009329345627e-01       6.480503862078e-02 
       4.056315168792e-01       6.308734751233e-02 
       4.103888759632e-01       6.139620331186e-02 
       4.152059765344e-01       5.974654658936e-02 
       4.200838101329e-01       5.815242799811e-02 
       4.250233962207e-01       5.662436883242e-02 
       4.300257833389e-01       5.516585827876e-02 
       4.350920503249e-01       5.377062738471e-02 
       4.402233075914e-01       5.242513285227e-02 
       4.454206984736e-01       5.111460786501e-02 
       4.506854006466e-01       4.982763802975e-02 
       4.560186276189e-01       4.855670707862e-02 
       4.614216303071e-01       4.729711655717e-02 
       4.668956986955e-01       4.604763129634e-02 
       4.724421635890e-01       4.481285200773e-02 
       4.780623984623e-01       4.360255302720e-02 
       4.837578214154e-01       4.242663365566e-02 
       4.895298972391e-01       4.128986992487e-02 
       4.953801396020e-01       4.019204428376e-02 
       5.013101133638e-01       3.913104563209e-02 
       5.073214370266e-01       3.810374553572e-02 
       5.134157853330e-01       3.710429509052e-02 
       5.195948920219e-01       3.612502778573e-02 
       5.258605527531e-01       3.516108936191e-02 
       5.322146282141e-01       3.421295267800e-02 
       5.386590474225e-01       3.328330424057e-02 
       5.451958112383e-01       3.237411441662e-02 
       5.518269961031e-01       3.148770613335e-02 
       5.585547580240e-01       3.062733863774e-02 
       5.653813368197e-01       2.979407548322e-02 
       5.723090606529e-01       2.898487739294e-02 
       5.793403508692e-01       2.819612438991e-02 
       5.864777271687e-01       2.742613304364e-02 
       5.937238131390e-01       2.667327533949e-02 
       6.010813421777e-01       2.593560406089e-02 
       6.085531638393e-01       2.521383879965e-02 
       6.161422506428e-01       2.451038062655e-02 
       6.238517053790e-01       2.382557870347e-02 
       6.316847689635e-01       2.315872473968e-02 
       6.396448288827e-01       2.251008684478e-02 
       6.477354282875e-01       2.187843666217e-02 
       6.559602757945e-01       2.126120739891e-02 
       6.643232560598e-01       2.065812092281e-02 
       6.728284411997e-01       2.006950700530e-02 
       6.814801031383e-01       1.949449306608e-02 
       6.902827269736e-01       1.893373916213e-02 
       6.992410254616e-01       1.838781574612e-02 
       7.083599547303e-01       1.785530986672e-02 
       7.176447313498e-01       1.733590365707e-02 
       7.271008508973e-01       1.682927634862e-02 
       7.367341081734e-01       1.633415949226e-02 
       7.465506192458e-01       1.585100083372e-02 
       7.565568455175e-01       1.537960261316e-02 
       7.667596200406e-01       1.491934932956e-02 
       7.771661763261e-01       1.447053027709e-02 
       7.877841799308e-01       1.403209250523e-02 
       7.986217631414e-01       1.360393940489e-02 
       8.096875631153e-01       1.318577174727e-02 
       8.209907638875e-01       1.277715630997e-02 
       8.325411427102e-01       1.237831378240e-02 
       8.443491212515e-01       1.198852148399e-02 
       8.564258222607e-01       1.160792203589e-02 
       8.687831323856e-01       1.123579876352e-02 
       8.814337719335e-01       1.087227949494e-02 
       8.943913724798e-01       1.051684171057e-02 
       9.076705633606e-01       1.016957233643e-02 
       9.212870682466e-01       9.829957207088e-03 
       9.352578131720e-01       9.497988238466e-03 
       9.496010476076e-01       9.173166071281e-03 
       9.643364804132e-01       8.855559153191e-03 
       9.794854327925e-01       8.544745310564e-03 
       9.950710107137e-01       8.240696580635e-03 
       1.011118299649e+00       7.943156400496e-03 
       1.027654584949e+00       7.651904887517e-03 
       1.044709601705e+00       7.366864963971e-03 
       1.062315818564e+00       7.087769288094e-03 
       1.080508760706e+00       6.814451173309e-03 
       1.099327377988e+00       6.546835654971e-03 
       1.118814465254e+00       6.284735828445e-03 
       1.139017142838e+00       6.027998036680e-03 
       1.159987406523e+00       5.776523398106e-03 
       1.181782757508e+00       5.530216913081e-03 
       1.204466924296e+00       5.288945576370e-03 
       1.228110689814e+00       5.052610432014e-03 
       1.252792838276e+00       4.821077110732e-03 
       1.278601237189e+00       4.594255375126e-03 
       1.305634070045e+00       4.372076837777e-03 
       1.334001234132e+00       4.154485734114e-03 
       1.363825914699e+00       3.941475073564e-03 
       1.395246340115e+00       3.733015068395e-03 
       1.428417711027e+00       3.529089054935e-03 
       1.463514277278e+00       3.329688238047e-03 
       1.500731506377e+00       3.134858027930e-03 
       1.540288242703e+00       2.944662246617e-03 
       1.582428693406e+00       2.759186940918e-03 
       1.627423992086e+00       2.578570010817e-03 
       1.675572985692e+00       2.403000947356e-03 
       1.727201772779e+00       2.232693388970e-03 
       1.782661416417e+00       2.067887257591e-03 
       1.842323209855e+00       1.908896267577e-03 
       1.906570961143e+00       1.756094391779e-03 
       1.975790075473e+00       1.609857259961e-03 
       2.050353823144e+00       1.470579614886e-03 
       2.130608069751e+00       1.338677961716e-03 
       2.216856723667e+00       1.214513477235e-03 
       2.309350833013e+00       1.098385610342e-03 
       2.408284166381e+00       9.904943010247e-04 
       2.513796969118e+00       8.909134308362e-04 
       2.625987629569e+00       7.995769180321e-04 
       2.744929960642e+00       7.162804826310e-04 
       2.870692567079e+00       6.406976391595e-04 
       3.003356777944e+00       5.724011772314e-04 
       3.143030673842e+00       5.109015270191e-04 
       3.289858202671e+00       4.556703196924e-04 
       3.444023643325e+00       4.061702879819e-04 
       3.605752430110e+00       3.618749784176e-04 
       3.775309589662e+00       3.222817359888e-04 
       3.952996932004e+00       2.869248839821e-04 
       4.139149865523e+00       2.553705293277e-04 
       4.334134407024e+00       2.272243143718e-04 
       4.538344703503e+00       2.021311065028e-04 
       4.752201195312e+00       1.797668303392e-04 
       4.976149428769e+00       1.598412705563e-04 
       5.210659457381e+00       1.420927575887e-04 
       5.456225739813e+00       1.262921146290e-04 
       5.713367436630e+00       1.122223274525e-04 
       5.982629016144e+00       9.969985990897e-05 
       6.264581095054e+00       8.855710217078e-05 
       6.559821456700e+00       7.864417121563e-05 
       6.868976205922e+00       6.982811126380e-05 
       7.192701032936e+00       6.198854709510e-05 
       7.531682569088e+00       5.501871730895e-05 
       7.886639824861e+00       4.882360190527e-05 
       8.258325705669e+00       4.331820849609e-05 
       8.647528604335e+00       3.842710687765e-05 
       9.055074071264e+00       3.408206794147e-05 
       9.481826564591e+00       3.022278905023e-05 
       9.928691283402e+00       2.679654328989e-05 
       1.039661608762e+01       2.375461215814e-05 
       1.088659350847e+01       2.105437745071e-05 
       1.139966285374e+01       1.865797245998e-05 
       1.193691241231e+01       1.653226156740e-05 
       1.249948176251e+01       1.464611728604e-05 
       1.308856418936e+01       1.297333917503e-05 
       1.370540921568e+01       1.148985886491e-05 
       1.435132525246e+01       1.017462125364e-05 
       1.502768237421e+01       9.008523514438e-06 
       1.573591522508e+01       7.974942746097e-06 
       1.647752606189e+01       7.061202519690e-06 
       1.725408794066e+01       6.247496186656e-06 
       1.806724805324e+01       5.528610099125e-06 
       1.891873122127e+01       4.891656661819e-06 
       1.981034355469e+01       4.329009384615e-06 
       2.074397628281e+01       3.827890190207e-06 
       2.172160976582e+01       3.386354826507e-06 
       2.274531769542e+01       2.994764223701e-06 
       2.381727149336e+01       2.648648857034e-06 
       2.493974491737e+01       2.340466092089e-06 
       2.611511888409e+01       2.069973491016e-06 
       2.734588651927e+01       1.829317130890e-06 
       2.863465844609e+01       1.616689019251e-06 
       2.998416832259e+01       1.428164369497e-06 
       3.139727864015e+01       1.261727397157e-06 
       3.287698679520e+01       1.114996557845e-06 
       3.442643144715e+01       9.850960264458e-07 
       3.604889917583e+01       8.699170463770e-07 
       3.774783145282e+01       7.686593914549e-07 
       3.952683194126e+01       6.785910159164e-07 
       4.138967413970e+01       5.994836862734e-07 
       4.334030938621e+01       5.289484088863e-07 
       4.538287523966e+01       4.661266987187e-07 
       4.752170425608e+01       4.122783617399e-07 
       4.976133317857e+01       3.637387079004e-07 
       5.210651256035e+01       3.208225792760e-07 
       5.456221684132e+01       2.830753457569e-07 
       5.713365489949e+01       2.500431060442e-07 
       5.982628109974e+01       2.204556022667e-07 
       6.264580686326e+01       1.946384134178e-07 
       6.559821278220e+01       1.717741968106e-07 
       6.868976130536e+01       1.514471931057e-07 
       7.192701002165e+01       1.337928238113e-07 
       7.531682556961e+01       1.174934011676e-07 
       7.886639820251e+01       1.034895573264e-07 
       8.258325703979e+01       9.123360260730e-08 
       8.647528603739e+01       8.068908974757e-08 
       9.055074071062e+01       7.105864915625e-08 
       9.481826564525e+01       6.250280202198e-08 
       9.928691283381e+01       5.494021751120e-08 
       1.039661608761e+02       4.850815604244e-08 
       1.088659350846e+02       4.283055047542e-08 
       1.139966285374e+02       3.790509385435e-08 
       1.193691241231e+02       3.312677169990e-08 
       1.249948176251e+02       2.925672820398e-08 
       1.308856418936e+02       2.569285274911e-08 
       1.370540921568e+02       2.267001984578e-08 
       1.435132525246e+02       1.990248737733e-08 
       1.502768237421e+02       1.748502732806e-08 
       1.573591522508e+02       1.546308015988e-08 
       1.647752606189e+02       1.350163417520e-08 
       1.725408794066e+02       1.205110339270e-08 
       1.806724805324e+02       1.047493956365e-08 
       1.891873122127e+02       9.239350097616e-09 
       1.981034355469e+02       8.042218502980e-09 
       2.074397628281e+02       7.128359115905e-09 
       2.172160976582e+02       6.266240844849e-09 
       2.274531769542e+02       5.463465479894e-09 
       2.381727149336e+02       4.847917890033e-09 
       2.493974491737e+02       4.224008447826e-09 
       2.611511888409e+02       3.706731422390e-09 
       2.734588651927e+02       3.259608672663e-09 
       2.863465844609e+02       2.891625701009e-09 
       2.998416832259e+02       2.553001512155e-09 
       3.139727864015e+02       2.213055642797e-09 
       3.287698679520e+02       1.938436930214e-09 
