# Matter power spectrum P(k) at redshift z=5.4
# for k=1.03944e-05 to 328.77 h/Mpc,
# number of wavenumbers equal to 605
#    1:k (h/Mpc)              2:P (Mpc/h)^3        
       1.039441571510e-05       1.143917645250e+00 
       1.088428943559e-05       1.196891223558e+00 
       1.139725019325e-05       1.252317929933e+00 
       1.193438604663e-05       1.310311361119e+00 
       1.249683633289e-05       1.370990376510e+00 
       1.308579408449e-05       1.434479333597e+00 
       1.370250855978e-05       1.500908353195e+00 
       1.434828789286e-05       1.570413579498e+00 
       1.502450186827e-05       1.643137459774e+00 
       1.573258482650e-05       1.719229035303e+00 
       1.647403870647e-05       1.798844250474e+00 
       1.725043623124e-05       1.882146267726e+00 
       1.806342424406e-05       1.969305803167e+00 
       1.891472720151e-05       2.060501474659e+00 
       1.980615083129e-05       2.155920179388e+00 
       2.073958596245e-05       2.255757448327e+00 
       2.171701253604e-05       2.360217880380e+00 
       2.274050380486e-05       2.469515542681e+00 
       2.381223073113e-05       2.583874393746e+00 
       2.493446659134e-05       2.703528782164e+00 
       2.610959179822e-05       2.828723894919e+00 
       2.734009894987e-05       2.959716254650e+00 
       2.862859811694e-05       3.096774265757e+00 
       2.997782237893e-05       3.240178758216e+00 
       3.139063362138e-05       3.390223547010e+00 
       3.287002860635e-05       3.547216048369e+00 
       3.441914532896e-05       3.711477889723e+00 
       3.604126967346e-05       3.883345588177e+00 
       3.773984238309e-05       4.063171222676e+00 
       3.951846635827e-05       4.251323150440e+00 
       4.138091429893e-05       4.448186785001e+00 
       4.333113670686e-05       4.654165322180e+00 
       4.537327026525e-05       4.869680644419e+00 
       4.751164661317e-05       5.095174090131e+00 
       4.975080153356e-05       5.331107422458e+00 
       5.209548457420e-05       5.577963725782e+00 
       5.455066912219e-05       5.836248425051e+00 
       5.712156295313e-05       6.106490272676e+00 
       5.981361927751e-05       6.389242419462e+00 
       6.263254830773e-05       6.685083574067e+00 
       6.558432937020e-05       6.994619143111e+00 
       6.867522358831e-05       7.318482455500e+00 
       7.191178716309e-05       7.657336054114e+00 
       7.530088527984e-05       8.011873036179e+00 
       7.884970667002e-05       8.382818388357e+00 
       8.256577885962e-05       8.770930515801e+00 
       8.645698413597e-05       9.177002730142e+00 
       9.053157626715e-05       9.601864826778e+00 
       9.479819800938e-05       1.004638475141e+01 
       9.926589943941e-05       1.051147031828e+01 
       1.039441571510e-04       1.099807101318e+01 
       1.088428943559e-04       1.150717986257e+01 
       1.139725019325e-04       1.203983539846e+01 
       1.193438604663e-04       1.259712367612e+01 
       1.249683633289e-04       1.318018044685e+01 
       1.308579408449e-04       1.379019325756e+01 
       1.370250855978e-04       1.442840386378e+01 
       1.434828789286e-04       1.509611053644e+01 
       1.502450186827e-04       1.579467057365e+01 
       1.573258482650e-04       1.652550287062e+01 
       1.647403870647e-04       1.729009057877e+01 
       1.725043623124e-04       1.808998385991e+01 
       1.806342424406e-04       1.892680279336e+01 
       1.891472720151e-04       1.980224025921e+01 
       1.980615083129e-04       2.071806515210e+01 
       2.073958596245e-04       2.167612528473e+01 
       2.171701253604e-04       2.267835088202e+01 
       2.274050380486e-04       2.372675780264e+01 
       2.381223073113e-04       2.482345098486e+01 
       2.493446659134e-04       2.597062796592e+01 
       2.610959179822e-04       2.717058254034e+01 
       2.734009894987e-04       2.842570822771e+01 
       2.862859811694e-04       2.973850223360e+01 
       2.997782237893e-04       3.111156906718e+01 
       3.139063362138e-04       3.254762427229e+01 
       3.287002860635e-04       3.404949866675e+01 
       3.441914532896e-04       3.562014140362e+01 
       3.604126967346e-04       3.726262444094e+01 
       3.773984238309e-04       3.898014597300e+01 
       3.951846635827e-04       4.077603422840e+01 
       4.138091429893e-04       4.265375065175e+01 
       4.333113670686e-04       4.461689384948e+01 
       4.537327026525e-04       4.666920217445e+01 
       4.751164661317e-04       4.881455718786e+01 
       4.975080153356e-04       5.105698577620e+01 
       5.209548457420e-04       5.340066306165e+01 
       5.455066912219e-04       5.584991350390e+01 
       5.712156295313e-04       5.840921306319e+01 
       5.981361927751e-04       6.108318957469e+01 
       6.263254830773e-04       6.387662275484e+01 
       6.558432937020e-04       6.679444435755e+01 
       6.867522358831e-04       6.984173605615e+01 
       7.191178716309e-04       7.302372800608e+01 
       7.530088527984e-04       7.634579538379e+01 
       7.884970667002e-04       7.981345455928e+01 
       8.256577885962e-04       8.343235747422e+01 
       8.645698413597e-04       8.720828595861e+01 
       9.053157626715e-04       9.114714399252e+01 
       9.479819800938e-04       9.525494920975e+01 
       9.926589943941e-04       9.953782273428e+01 
       1.039441571510e-03       1.040019792527e+02 
       1.088428943559e-03       1.086537137160e+02 
       1.139725019325e-03       1.134993890001e+02 
       1.193438604663e-03       1.185454194891e+02 
       1.249683633289e-03       1.237982583139e+02 
       1.308579408449e-03       1.292643793441e+02 
       1.370250855978e-03       1.349497438314e+02 
       1.434828789286e-03       1.408610064579e+02 
       1.502450186827e-03       1.470048264730e+02 
       1.573258482650e-03       1.533875488988e+02 
       1.647403870647e-03       1.600154212468e+02 
       1.725043623124e-03       1.668945712639e+02 
       1.806342424406e-03       1.740309663607e+02 
       1.891472720151e-03       1.814303732469e+02 
       1.980615083129e-03       1.890983055174e+02 
       2.073958596245e-03       1.970399719720e+02 
       2.171701253604e-03       2.052602015159e+02 
       2.274050380486e-03       2.137633912046e+02 
       2.381223073113e-03       2.225533861813e+02 
       2.493446659134e-03       2.316334409498e+02 
       2.610959179822e-03       2.410060842031e+02 
       2.734009894987e-03       2.506730387537e+02 
       2.862859811694e-03       2.606351589735e+02 
       2.997782237893e-03       2.708923142126e+02 
       3.139063362138e-03       2.814432771824e+02 
       3.287002860635e-03       2.922857061459e+02 
       3.441914532896e-03       3.034160316304e+02 
       3.604126967345e-03       3.148292630176e+02 
       3.773984238305e-03       3.265190321187e+02 
       3.951846635814e-03       3.384773048175e+02 
       4.138091429848e-03       3.506943110886e+02 
       4.333113670534e-03       3.631583959653e+02 
       4.537327026042e-03       3.758558127981e+02 
       4.751164659838e-03       3.887706169276e+02 
       4.975080148993e-03       4.018846629602e+02 
       5.209548445017e-03       4.151772254689e+02 
       5.455066878190e-03       4.286249895335e+02 
       5.712156205140e-03       4.422018702089e+02 
       5.981361696754e-03       4.558795512837e+02 
       6.263254258196e-03       4.696253170996e+02 
       6.558431562524e-03       4.834040135689e+02 
       6.867519160582e-03       4.971772370197e+02 
       7.191171496729e-03       5.109027913940e+02 
       7.530072704257e-03       5.245346482743e+02 
       7.884936964503e-03       5.380231398780e+02 
       8.256508074902e-03       5.513138531719e+02 
       8.645557666719e-03       5.643497750015e+02 
       9.052881226195e-03       5.770677522673e+02 
       9.479290692733e-03       5.894017839023e+02 
       9.925601939390e-03       6.012798478280e+02 
       1.039261492092e-02       6.126250108055e+02 
       1.088108379590e-02       6.233606871847e+02 
       1.139167407410e-02       6.333984929274e+02 
       1.192490411388e-02       6.426493026323e+02 
       1.248106954268e-02       6.510252921560e+02 
       1.306015192574e-02       6.584357056625e+02 
       1.366171767776e-02       6.647990816529e+02 
       1.428481967396e-02       6.700351751927e+02 
       1.492792100706e-02       6.740786104467e+02 
       1.558886502105e-02       6.768881585076e+02 
       1.626491417422e-02       6.784445620959e+02 
       1.695286934301e-02       6.787573432847e+02 
       1.764926168430e-02       6.778652051637e+02 
       1.835058760363e-02       6.758343105974e+02 
       1.905354355797e-02       6.727518938790e+02 
       1.975521843946e-02       6.687197540177e+02 
       2.045321634933e-02       6.638475016424e+02 
       2.114570368999e-02       6.582477955327e+02 
       2.183139227336e-02       6.520246471028e+02 
       2.250947928866e-02       6.452797413915e+02 
       2.317956563857e-02       6.381001949862e+02 
       2.384156963309e-02       6.305674996076e+02 
       2.449564690182e-02       6.227499110321e+02 
       2.514212195473e-02       6.147079005211e+02 
       2.578143298704e-02       6.064938305013e+02 
       2.641408926964e-02       5.981527901407e+02 
       2.704063940089e-02       5.897241802202e+02 
       2.766164838054e-02       5.812397860116e+02 
       2.827768155684e-02       5.727318764999e+02 
       2.888929376710e-02       5.642225134424e+02 
       2.949702230981e-02       5.557361573355e+02 
       3.010138268639e-02       5.472903901436e+02 
       3.070286630818e-02       5.388991993409e+02 
       3.130193957039e-02       5.305850715500e+02 
       3.189904385593e-02       5.223600490963e+02 
       3.249459615342e-02       5.142295637784e+02 
       3.308899006411e-02       5.062096911138e+02 
       3.368259703912e-02       4.983087855343e+02 
       3.427576773646e-02       4.905341337041e+02 
       3.486883342232e-02       4.828971188517e+02 
       3.546210736590e-02       4.753996507860e+02 
       3.605588619481e-02       4.680514148556e+02 
       3.665045119063e-02       4.608547129690e+02 
       3.724606951266e-02       4.538185304014e+02 
       3.784299534431e-02       4.469429466686e+02 
       3.844147096019e-02       4.402316641993e+02 
       3.904172771505e-02       4.336905256169e+02 
       3.964398695723e-02       4.273205555202e+02 
       4.024846087044e-02       4.211226259862e+02 
       4.085535324819e-02       4.151004651772e+02 
       4.146486020563e-02       4.092539764755e+02 
       4.207717083329e-02       4.035817326363e+02 
       4.269246779746e-02       3.980845722895e+02 
       4.331092789152e-02       3.927656490172e+02 
       4.393272254233e-02       3.876177262849e+02 
       4.455801827569e-02       3.826450434007e+02 
       4.518697714421e-02       3.778431728882e+02 
       4.581975712116e-02       3.732078412601e+02 
       4.645651246315e-02       3.687387258997e+02 
       4.709739404439e-02       3.644314079260e+02 
       4.774254966524e-02       3.602830821109e+02 
       4.839212433710e-02       3.562867207514e+02 
       4.904626054591e-02       3.524408123778e+02 
       4.970509849602e-02       3.487381759701e+02 
       5.036877633628e-02       3.451747435084e+02 
       5.103743036975e-02       3.417416040080e+02 
       5.171119524854e-02       3.384334686953e+02 
       5.239020415505e-02       3.352431433259e+02 
       5.307458897075e-02       3.321642155066e+02 
       5.376448043353e-02       3.291876574528e+02 
       5.446000828457e-02       3.263052526213e+02 
       5.516130140571e-02       3.235071435203e+02 
       5.586848794792e-02       3.207861018990e+02 
       5.658169545170e-02       3.181316531833e+02 
       5.730105096009e-02       3.155337704686e+02 
       5.802668112475e-02       3.129833544131e+02 
       5.875871230577e-02       3.104696050121e+02 
       5.949727066567e-02       3.079819653127e+02 
       6.024248225797e-02       3.055108704842e+02 
       6.099447311085e-02       3.030442233037e+02 
       6.175336930616e-02       3.005734781310e+02 
       6.251929705421e-02       2.980860088923e+02 
       6.329238276460e-02       2.955736097521e+02 
       6.407275311340e-02       2.930246586128e+02 
       6.486053510691e-02       2.904293891347e+02 
       6.565585614227e-02       2.877804621319e+02 
       6.645884406518e-02       2.850674194278e+02 
       6.726962722477e-02       2.822824371641e+02 
       6.808833452604e-02       2.794184016090e+02 
       6.891509547984e-02       2.764683970886e+02 
       6.975004025066e-02       2.734265436912e+02 
       7.059329970233e-02       2.702884207501e+02 
       7.144500544176e-02       2.670503864657e+02 
       7.230528986090e-02       2.637097063927e+02 
       7.317428617696e-02       2.602651838863e+02 
       7.405212847100e-02       2.567164357340e+02 
       7.493895172510e-02       2.530649429786e+02 
       7.583489185804e-02       2.493131097636e+02 
       7.674008575965e-02       2.454650133973e+02 
       7.765467132399e-02       2.415258281217e+02 
       7.857878748124e-02       2.375023649847e+02 
       7.951257422856e-02       2.334020570360e+02 
       8.045617265987e-02       2.292339492534e+02 
       8.140972499466e-02       2.250091177558e+02 
       8.237337460583e-02       2.207383474601e+02 
       8.334726604670e-02       2.164342465541e+02 
       8.433154507717e-02       2.121098705909e+02 
       8.532635868907e-02       2.077784614715e+02 
       8.633185513081e-02       2.034555140733e+02 
       8.734818393131e-02       1.991550184140e+02 
       8.837549592326e-02       1.948921947162e+02 
       8.941394326581e-02       1.906810427944e+02 
       9.046367946662e-02       1.865374913872e+02 
       9.152485940339e-02       1.824748333860e+02 
       9.259763934485e-02       1.785074861458e+02 
       9.368217697132e-02       1.746469787308e+02 
       9.477863139475e-02       1.709071879693e+02 
       9.588716317841e-02       1.672975176164e+02 
       9.700793435611e-02       1.638280314634e+02 
       9.814110845115e-02       1.605071070700e+02 
       9.928685049485e-02       1.573413028611e+02 
       1.004453270449e-01       1.543340370638e+02 
       1.016167062032e-01       1.514910974630e+02 
       1.028011576338e-01       1.488118578759e+02 
       1.039988525803e-01       1.462967249121e+02 
       1.052099638834e-01       1.439430202344e+02 
       1.064346659978e-01       1.417469147514e+02 
       1.076731350094e-01       1.397022490410e+02 
       1.089255486525e-01       1.378004160662e+02 
       1.101920863262e-01       1.360318680432e+02 
       1.114729291118e-01       1.343851827839e+02 
       1.127682597891e-01       1.328471059655e+02 
       1.140782628537e-01       1.314026964642e+02 
       1.154031245340e-01       1.300351365644e+02 
       1.167430328075e-01       1.287291722333e+02 
       1.180981774189e-01       1.274651587368e+02 
       1.194687498966e-01       1.262243016774e+02 
       1.208549435706e-01       1.249891965001e+02 
       1.222569535902e-01       1.237397792614e+02 
       1.236749769417e-01       1.224584161973e+02 
       1.251092124670e-01       1.211283315107e+02 
       1.265598608818e-01       1.197338204365e+02 
       1.280271247951e-01       1.182608145478e+02 
       1.295112087282e-01       1.166979143460e+02 
       1.310123191347e-01       1.150383126697e+02 
       1.325306644210e-01       1.132740263491e+02 
       1.340664549670e-01       1.114035527323e+02 
       1.356199031477e-01       1.094296332639e+02 
       1.371912233555e-01       1.073550928350e+02 
       1.387806320229e-01       1.051890355322e+02 
       1.403883476462e-01       1.029415948049e+02 
       1.420145908098e-01       1.006281118097e+02 
       1.436595842114e-01       9.826478359180e+01 
       1.453235526881e-01       9.587070336776e+01 
       1.470067232437e-01       9.346548394443e+01 
       1.487093250766e-01       9.106974855081e+01 
       1.504315896089e-01       8.870580223008e+01 
       1.521737505165e-01       8.639326190627e+01 
       1.539360437612e-01       8.415115507913e+01 
       1.557187076226e-01       8.199829950869e+01 
       1.575219827324e-01       7.994987869809e+01 
       1.593461121101e-01       7.801824181765e+01 
       1.611913411993e-01       7.621192088449e+01 
       1.630579179063e-01       7.453673342352e+01 
       1.649460926397e-01       7.299523861500e+01 
       1.668561183526e-01       7.158679524703e+01 
       1.687882505850e-01       7.030526718172e+01 
       1.707427475096e-01       6.914156021371e+01 
       1.727198699783e-01       6.808473247146e+01 
       1.747198815714e-01       6.711795435334e+01 
       1.767430486482e-01       6.622504315348e+01 
       1.787896404004e-01       6.538652276404e+01 
       1.808599289070e-01       6.458257930274e+01 
       1.829541891925e-01       6.379955314662e+01 
       1.850726992858e-01       6.301184056515e+01 
       1.872157402839e-01       6.219616342479e+01 
       1.893835964156e-01       6.133665189702e+01 
       1.915765551102e-01       6.041773643343e+01 
       1.937949070674e-01       5.942859734167e+01 
       1.960389463306e-01       5.836474241477e+01 
       1.983089703634e-01       5.722555773096e+01 
       2.006052801287e-01       5.601483976810e+01 
       2.029281801717e-01       5.474498095297e+01 
       2.052779787053e-01       5.342839049988e+01 
       2.076549876996e-01       5.208268557851e+01 
       2.100595229749e-01       5.072520190519e+01 
       2.124919042982e-01       4.937694047263e+01 
       2.149524554836e-01       4.805580144213e+01 
       2.174415044964e-01       4.677609710230e+01 
       2.199593835622e-01       4.555571551771e+01 
       2.225064292787e-01       4.440501633540e+01 
       2.250829827337e-01       4.333100529754e+01 
       2.276893896260e-01       4.233962513092e+01 
       2.303260003924e-01       4.143335651974e+01 
       2.329931703385e-01       4.060658432548e+01 
       2.356912597752e-01       3.985516909570e+01 
       2.384206341604e-01       3.916687279816e+01 
       2.411816642459e-01       3.852739163627e+01 
       2.439747262300e-01       3.792123778273e+01 
       2.468002019165e-01       3.733059031092e+01 
       2.496584788785e-01       3.673919309918e+01 
       2.525499506303e-01       3.613378268658e+01 
       2.554750168040e-01       3.550182529308e+01 
       2.584340833344e-01       3.483637454118e+01 
       2.614275626498e-01       3.413532989332e+01 
       2.644558738710e-01       3.339780243404e+01 
       2.675194430176e-01       3.262800238757e+01 
       2.706187032217e-01       3.183541351981e+01 
       2.737540949511e-01       3.103052550582e+01 
       2.769260662395e-01       3.022574498006e+01 
       2.801350729270e-01       2.943692674506e+01 
       2.833815789091e-01       2.867579016992e+01 
       2.866660563954e-01       2.795351728241e+01 
       2.899889861791e-01       2.727645035649e+01 
       2.933508579160e-01       2.664799789298e+01 
       2.967521704153e-01       2.606696198302e+01 
       3.001934319413e-01       2.552748956832e+01 
       3.036751605276e-01       2.502322001754e+01 
       3.071978843033e-01       2.454526462426e+01 
       3.107621418325e-01       2.408361877724e+01 
       3.143684824675e-01       2.362866839310e+01 
       3.180174667161e-01       2.317102671486e+01 
       3.217096666243e-01       2.270297183277e+01 
       3.254456661739e-01       2.222047656732e+01 
       3.292260616973e-01       2.172300142700e+01 
       3.330514623091e-01       2.121329403410e+01 
       3.369224903559e-01       2.069742495888e+01 
       3.408397818850e-01       2.018230542135e+01 
       3.448039871328e-01       1.967479562750e+01 
       3.488157710346e-01       1.918168862921e+01 
       3.528758137560e-01       1.870870846429e+01 
       3.569848112472e-01       1.825967591457e+01 
       3.611434758224e-01       1.783652437149e+01 
       3.653525367639e-01       1.743829942621e+01 
       3.696127409538e-01       1.706048421151e+01 
       3.739248535338e-01       1.669724928390e+01 
       3.782896585951e-01       1.634247502992e+01 
       3.827079599000e-01       1.599078894439e+01 
       3.871805816365e-01       1.563866936805e+01 
       3.917083692089e-01       1.528418920449e+01 
       3.962921900649e-01       1.492638622031e+01 
       4.009329345627e-01       1.456650963435e+01 
       4.056315168792e-01       1.420786202974e+01 
       4.103888759632e-01       1.385461921831e+01 
       4.152059765344e-01       1.351103715223e+01 
       4.200838101329e-01       1.317995475135e+01 
       4.250233962207e-01       1.286220133236e+01 
       4.300257833389e-01       1.255738042581e+01 
       4.350920503249e-01       1.226468313827e+01 
       4.402233075914e-01       1.198188924957e+01 
       4.454206984736e-01       1.170585545353e+01 
       4.506854006466e-01       1.143358980289e+01 
       4.560186276189e-01       1.116283035607e+01 
       4.614216303071e-01       1.089319740963e+01 
       4.668956986955e-01       1.062575152782e+01 
       4.724421635890e-01       1.036173781735e+01 
       4.780623984623e-01       1.010228831906e+01 
       4.837578214154e-01       9.849075203878e+00 
       4.895298972391e-01       9.604104838847e+00 
       4.953801396020e-01       9.367476768335e+00 
       5.013101133638e-01       9.138114021387e+00 
       5.073214370266e-01       8.915026517023e+00 
       5.134157853330e-01       8.696276539560e+00 
       5.195948920219e-01       8.481844531716e+00 
       5.258605527531e-01       8.270279882444e+00 
       5.322146282141e-01       8.061317994616e+00 
       5.386590474225e-01       7.855733180348e+00 
       5.451958112383e-01       7.654523366264e+00 
       5.518269961031e-01       7.458062637339e+00 
       5.585547580240e-01       7.266576577602e+00 
       5.653813368197e-01       7.080405564736e+00 
       5.723090606529e-01       6.899225230242e+00 
       5.793403508692e-01       6.721967611754e+00 
       5.864777271687e-01       6.548057684431e+00 
       5.937238131390e-01       6.377482296759e+00 
       6.010813421777e-01       6.210168000266e+00 
       6.085531638393e-01       6.046033636251e+00 
       6.161422506428e-01       5.884992661523e+00 
       6.238517053790e-01       5.728350297474e+00 
       6.316847689635e-01       5.575293479010e+00 
       6.396448288827e-01       5.425735541220e+00 
       6.477354282875e-01       5.279691524473e+00 
       6.559602757945e-01       5.136774139391e+00 
       6.643232560598e-01       4.996460885968e+00 
       6.728284411997e-01       4.859319187321e+00 
       6.814801031383e-01       4.724981268152e+00 
       6.902827269736e-01       4.593523701447e+00 
       6.992410254616e-01       4.465290737382e+00 
       7.083599547303e-01       4.339855787061e+00 
       7.176447313498e-01       4.217167144782e+00 
       7.271008508973e-01       4.097229304723e+00 
       7.367341081734e-01       3.979566862928e+00 
       7.465506192458e-01       3.864732012245e+00 
       7.565568455175e-01       3.752359195609e+00 
       7.667596200406e-01       3.642155630982e+00 
       7.771661763261e-01       3.534845829088e+00 
       7.877841799308e-01       3.429823213082e+00 
       7.986217631414e-01       3.326688501878e+00 
       8.096875631153e-01       3.225993241921e+00 
       8.209907638875e-01       3.127434558957e+00 
       8.325411427102e-01       3.031076308727e+00 
       8.443491212515e-01       2.936795633616e+00 
       8.564258222607e-01       2.844591624864e+00 
       8.687831323856e-01       2.754343863805e+00 
       8.814337719335e-01       2.666106697011e+00 
       8.943913724798e-01       2.579671983756e+00 
       9.076705633606e-01       2.495204046761e+00 
       9.212870682466e-01       2.412502248476e+00 
       9.352578131720e-01       2.331575208982e+00 
       9.496010476076e-01       2.252439575756e+00 
       9.643364804132e-01       2.174913112100e+00 
       9.794854327925e-01       2.099305333469e+00 
       9.950710107137e-01       2.024847903435e+00 
       1.011118299649e+00       1.952279373237e+00 
       1.027654584949e+00       1.881154900761e+00 
       1.044709601705e+00       1.811500076157e+00 
       1.062315818564e+00       1.743455426637e+00 
       1.080508760706e+00       1.676702732139e+00 
       1.099327377988e+00       1.611369373169e+00 
       1.118814465254e+00       1.547395129630e+00 
       1.139017142838e+00       1.484744049937e+00 
       1.159987406523e+00       1.423456825178e+00 
       1.181782757508e+00       1.363398718320e+00 
       1.204466924296e+00       1.304532939859e+00 
       1.228110689814e+00       1.246920910703e+00 
       1.252792838276e+00       1.190539422386e+00 
       1.278601237189e+00       1.135240195668e+00 
       1.305634070045e+00       1.081104528257e+00 
       1.334001234132e+00       1.028077506033e+00 
       1.363825914699e+00       9.761882677668e-01 
       1.395246340115e+00       9.253238722568e-01 
       1.428417711027e+00       8.756030680434e-01 
       1.463514277278e+00       8.269268234996e-01 
       1.500731506377e+00       7.792816911159e-01 
       1.540288242703e+00       7.327272273645e-01 
       1.582428693406e+00       6.873833735550e-01 
       1.627423992086e+00       6.431005801315e-01 
       1.675572985692e+00       6.000109950811e-01 
       1.727201772779e+00       5.580902365079e-01 
       1.782661416417e+00       5.174956228662e-01 
       1.842323209855e+00       4.782344955090e-01 
       1.906570961143e+00       4.404658157616e-01 
       1.975790075473e+00       4.042648988342e-01 
       2.050353823144e+00       3.696907832649e-01 
       2.130608069751e+00       3.369211931116e-01 
       2.216856723667e+00       3.059785518522e-01 
       2.309350833013e+00       2.770693124591e-01 
       2.408284166381e+00       2.501446887390e-01 
       2.513796969118e+00       2.252772523183e-01 
       2.625987629569e+00       2.024364432087e-01 
       2.744929960642e+00       1.815768163885e-01 
       2.870692567079e+00       1.625926331016e-01 
       3.003356777944e+00       1.454646863397e-01 
       3.143030673842e+00       1.299818087383e-01 
       3.289858202671e+00       1.161056878109e-01 
       3.444023643325e+00       1.035955321255e-01 
       3.605752430110e+00       9.241563569552e-02 
       3.775309589662e+00       8.240542215901e-02 
       3.952996932004e+00       7.343460202555e-02 
       4.139149865523e+00       6.544976506306e-02 
       4.334134407024e+00       5.830862648074e-02 
       4.538344703503e+00       5.190980500366e-02 
       4.752201195312e+00       4.621038203682e-02 
       4.976149428769e+00       4.109816407699e-02 
       5.210659457381e+00       3.659937191202e-02 
       5.456225739813e+00       3.256607721096e-02 
       5.713367436630e+00       2.896724642488e-02 
       5.982629016144e+00       2.576124551304e-02 
       6.264581095054e+00       2.290909673284e-02 
       6.559821456700e+00       2.035976048746e-02 
       6.868976205922e+00       1.809632640303e-02 
       7.192701032936e+00       1.607426901066e-02 
       7.531682569088e+00       1.427678349034e-02 
       7.886639824861e+00       1.268709764489e-02 
       8.258325705669e+00       1.126740500338e-02 
       8.647528604335e+00       1.000640486098e-02 
       9.055074071264e+00       8.879845200580e-03 
       9.481826564591e+00       7.883568155867e-03 
       9.928691283402e+00       6.995719388958e-03 
       1.039661608762e+01       6.198792092952e-03 
       1.088659350847e+01       5.500735254230e-03 
       1.139966285374e+01       4.881838109999e-03 
       1.193691241231e+01       4.329348653555e-03 
       1.249948176251e+01       3.838531006548e-03 
       1.308856418936e+01       3.402847026899e-03 
       1.370540921568e+01       3.014957453265e-03 
       1.435132525246e+01       2.669880739389e-03 
       1.502768237421e+01       2.365508522027e-03 
       1.573591522508e+01       2.099133051416e-03 
       1.647752606189e+01       1.857724274324e-03 
       1.725408794066e+01       1.645378964644e-03 
       1.806724805324e+01       1.453658861867e-03 
       1.891873122127e+01       1.291773832534e-03 
       1.981034355469e+01       1.142026433210e-03 
       2.074397628281e+01       1.011893256539e-03 
       2.172160976582e+01       8.940853175074e-04 
       2.274531769542e+01       7.924310578210e-04 
       2.381727149336e+01       6.993689789513e-04 
       2.493974491737e+01       6.173748093512e-04 
       2.611511888409e+01       5.488997593782e-04 
       2.734588651927e+01       4.842366163417e-04 
       2.863465844609e+01       4.269285639605e-04 
       2.998416832259e+01       3.786566792056e-04 
       3.139727864015e+01       3.350788237301e-04 
       3.287698679520e+01       2.952503486679e-04 
       3.442643144715e+01       2.617166356250e-04 
       3.604889917583e+01       2.306373622410e-04 
       3.774783145282e+01       2.037642854348e-04 
       3.952683194126e+01       1.805033512534e-04 
       4.138967413970e+01       1.600610231236e-04 
       4.334030938621e+01       1.408840371171e-04 
       4.538287523966e+01       1.239880800619e-04 
       4.752170425608e+01       1.096865015220e-04 
       4.976133317857e+01       9.701803198086e-05 
       5.210651256035e+01       8.554406920617e-05 
       5.456221684132e+01       7.600635798388e-05 
       5.713365489949e+01       6.655398073819e-05 
       5.982628109974e+01       5.859814034182e-05 
       6.264580686326e+01       5.115235325178e-05 
       6.559821278220e+01       4.548574878087e-05 
       6.868976130536e+01       4.005231931969e-05 
       7.192701002165e+01       3.568331211442e-05 
       7.531682556961e+01       3.112403277774e-05 
       7.886639820251e+01       2.757572245399e-05 
       8.258325703979e+01       2.465262296683e-05 
       8.647528603739e+01       2.171164809527e-05 
       9.055074071062e+01       1.906435453064e-05 
       9.481826564525e+01       1.676567665078e-05 
       9.928691283381e+01       1.512358011564e-05 
       1.039661608761e+02       1.311820943472e-05 
       1.088659350846e+02       1.137928022634e-05 
       1.139966285374e+02       1.019213757978e-05 
       1.193691241231e+02       8.802766817987e-06 
       1.249948176251e+02       7.701046861284e-06 
       1.308856418936e+02       6.819862592714e-06 
       1.370540921568e+02       5.897025069022e-06 
       1.435132525246e+02       5.378585820428e-06 
       1.502768237421e+02       4.741267243456e-06 
       1.573591522508e+02       4.107033433059e-06 
       1.647752606189e+02       3.510669607877e-06 
       1.725408794066e+02       3.061796323670e-06 
       1.806724805324e+02       2.795080284892e-06 
       1.891873122127e+02       2.519765922750e-06 
       1.981034355469e+02       1.905264965331e-06 
       2.074397628281e+02       1.894070705829e-06 
       2.172160976582e+02       1.584977950885e-06 
       2.274531769542e+02       1.427010082308e-06 
       2.381727149336e+02       1.241428999029e-06 
       2.493974491737e+02       9.729526123279e-07 
       2.611511888409e+02       9.506414633153e-07 
       2.734588651927e+02       8.188475445503e-07 
       2.863465844609e+02       7.168816279929e-07 
       2.998416832259e+02       5.756410779309e-07 
       3.139727864015e+02       5.647217653181e-07 
       3.287698679520e+02       5.067929490288e-07 
